id,sensor1,sensor2,sensor3
0,106,0,-1
1,106,0,-1
2,106,0,-1
3,106,0,-1
4,106,0,-1
5,106,0,-1
6,106,0,-1
7,0,,
8,105,0,0
9,105,0,0
10,105,0,0
11,105,0,0
12,105,0,0
13,105,0,0
14,105,0,0
15,105,0,0
16,106,0,0
17,106,0,0
18,106,0,0
19,106,0,0
20,106,0,0
21,106,0,0
22,106,0,0
23,106,0,0
24,105,0,0
25,105,0,0
26,105,0,0
27,105,0,0
28,105,0,0
29,105,0,0
30,105,0,0
31,105,0,0
32,105,0,0
33,105,0,0
34,105,0,0
35,105,0,0
36,105,0,0
37,105,0,0
38,105,0,0
39,105,0,0
40,105,0,0
41,105,0,0
42,105,0,0
43,105,0,0
44,105,0,0
45,105,0,0
46,106,0,0
47,105,0,0
48,105,0,0
49,105,0,0
50,105,0,0
51,105,0,0
52,105,0,0
53,105,0,0
54,105,0,0
55,105,0,0
56,106,0,0
57,105,0,0
58,105,0,0
59,105,0,0
60,105,0,0
61,105,0,0
62,105,0,0
63,106,0,0
64,105,0,0
65,106,0,0
66,106,0,0
67,105,0,0
68,105,0,0
69,105,0,0
70,105,0,0
71,105,0,0
72,105,0,0
73,105,0,0
74,105,0,0
75,105,0,0
76,105,0,0
77,106,0,0
78,105,0,0
79,105,0,0
80,106,0,0
81,106,0,0
82,106,0,0
83,106,0,0
84,106,0,0
85,105,0,0
86,106,0,0
87,106,0,0
88,106,0,0
89,106,0,0
90,105,0,0
91,105,0,0
92,105,0,0
93,105,0,0
94,105,0,-1
95,104,0,-1
96,104,0,-1
97,104,0,-1
98,103,0,-1
99,103,0,-1
100,102,0,-1
101,103,0,-1
102,103,0,-1
103,102,0,-1
104,103,0,-1
105,102,0,-1
106,102,0,-1
107,102,0,-1
108,103,0,-1
109,103,0,-1
110,102,0,-1
111,103,0,-1
112,103,0,-1
113,104,0,0
114,105,0,0
115,106,0,0
116,105,0,0
117,106,0,0
118,106,0,0
119,106,0,0
120,106,0,0
121,107,0,0
122,107,0,1
123,107,0,1
124,109,0,1
125,109,0,1
126,108,0,2
127,107,0,2
128,105,0,2
129,104,0,2
130,103,0,2
131,103,0,2
132,104,0,3
133,103,0,3
134,104,0,3
135,103,0,3
136,103,0,3
137,104,0,3
138,104,0,3
139,104,0,3
140,109,0,3
141,110,0,3
142,109,0,3
143,109,0,2
144,115,0,2
145,110,0,2
146,110,0,1
147,109,0,1
148,110,0,1
149,110,0,1
150,110,0,1
151,111,0,1
152,111,0,1
153,111,0,1
154,110,0,1
155,112,0,1
156,112,0,2
157,114,0,2
158,112,0,2
159,112,0,3
160,114,0,3
161,115,0,3
162,113,0,3
163,111,0,3
164,111,0,2
165,112,0,2
166,113,0,2
167,113,0,2
168,112,0,2
169,112,0,1
170,111,0,1
171,109,0,1
172,108,0,1
173,109,0,1
174,107,0,1
175,107,0,1
176,108,0,0
177,108,0,0
178,109,0,0
179,108,0,0
180,108,0,0
181,108,0,0
182,109,0,0
183,110,0,0
184,110,0,0
185,111,0,1
186,111,0,1
187,110,0,1
188,110,0,1
189,111,0,1
190,110,0,1
191,110,0,1
192,110,0,1
193,111,0,1
194,111,0,1
195,110,0,1
196,109,0,1
197,107,0,1
198,105,0,0
199,104,0,0
200,104,0,0
201,103,0,0
202,104,0,0
203,103,0,0
204,103,0,0
205,103,0,0
206,103,0,-1
207,103,0,0
208,103,0,0
209,104,0,0
210,104,0,0
211,105,0,0
212,106,0,0
213,108,0,1
214,108,0,1
215,108,0,1
216,108,0,1
217,108,0,1
218,109,0,2
219,108,0,2
220,106,0,2
221,105,0,2
222,106,0,2
223,106,0,2
224,105,0,2
225,104,0,2
226,104,0,2
227,104,0,2
228,104,0,2
229,104,0,1
230,105,0,1
231,105,0,1
232,102,0,1
233,103,0,1
234,103,0,1
235,102,0,1
236,102,0,0
237,102,0,0
238,102,0,0
239,101,0,0
240,101,0,0
241,101,0,0
242,101,0,0
243,102,0,0
244,101,0,0
245,101,0,0
246,100,0,0
247,102,0,0
248,102,0,0
249,103,0,0
250,104,0,0
251,104,0,0
252,103,0,0
253,104,0,0
254,103,0,0
255,103,0,0
256,103,0,0
257,103,0,0
258,102,0,0
259,102,0,0
260,103,0,0
261,104,0,0
262,104,0,0
263,104,0,0
264,105,0,0
265,106,0,0
266,106,0,0
267,107,0,0
268,106,0,0
269,107,0,0
270,108,0,0
271,108,0,0
272,108,0,0
273,110,0,0
274,109,0,0
275,108,0,0
276,108,0,0
277,106,0,0
278,104,0,0
279,104,0,0
280,103,0,0
281,101,0,-1
282,102,0,-1
283,104,0,-1
284,103,0,-1
285,104,0,-1
286,104,0,-1
287,104,0,-1
288,104,0,-1
289,104,0,-1
290,103,0,-1
291,104,0,-1
292,104,0,-1
293,104,0,-1
294,104,0,-1
295,104,0,-1
296,105,0,-1
297,105,0,-1
298,106,0,-1
299,107,0,0
300,108,0,0
301,108,0,0
302,107,0,0
303,108,0,0
304,109,0,0
305,110,0,1
306,110,0,1
307,109,0,1
308,108,0,1
309,109,0,1
310,107,0,1
311,108,0,1
312,107,0,1
313,107,0,1
314,107,0,1
315,108,0,1
316,109,0,1
317,107,0,1
318,107,0,1
319,108,0,1
320,107,0,1
321,107,0,1
322,106,0,1
323,107,0,1
324,107,0,1
325,106,0,1
326,106,0,1
327,106,0,1
328,104,0,1
329,103,0,0
330,104,0,0
331,105,0,0
332,105,0,0
333,104,0,0
334,104,0,0
335,104,0,0
336,105,0,0
337,104,0,0
338,103,0,0
339,104,0,0
340,104,0,0
341,104,0,0
342,104,0,0
343,103,0,0
344,104,0,0
345,104,0,0
346,104,0,0
347,104,0,0
348,104,0,0
349,104,0,0
350,103,0,0
351,103,0,0
352,103,0,0
353,103,0,0
354,103,0,0
355,104,0,0
356,105,0,0
357,104,0,0
358,104,0,1
359,105,0,1
360,107,0,1
361,107,0,1
362,107,0,1
363,107,0,1
364,107,0,1
365,107,0,1
366,109,0,1
367,110,0,1
368,110,0,1
369,111,0,1
370,111,0,1
371,110,0,1
372,108,0,1
373,107,0,1
374,107,0,1
375,108,0,1
376,109,0,1
377,108,0,1
378,108,0,1
379,109,0,1
380,109,0,1
381,108,0,1
382,107,0,1
383,108,0,1
384,109,0,1
385,110,0,1
386,111,0,1
387,111,0,1
388,111,0,1
389,110,0,1
390,110,0,0
391,111,0,0
392,112,0,0
393,112,0,0
394,109,0,0
395,106,0,0
396,109,0,0
397,111,0,0
398,109,0,0
399,108,0,0
400,108,0,0
401,109,0,0
402,108,0,0
403,108,0,0
404,108,0,0
405,108,0,0
406,110,0,0
407,110,0,0
408,111,0,0
409,111,0,0
410,111,0,0
411,111,0,1
412,111,0,1
413,111,0,1
414,111,0,1
415,108,0,1
416,108,0,1
417,108,0,1
418,107,0,1
419,106,0,1
420,106,0,1
421,105,0,1
422,106,0,1
423,105,0,1
424,105,0,1
425,105,0,1
426,104,0,0
427,105,0,0
428,103,0,0
429,102,0,0
430,102,0,-1
431,103,0,-1
432,104,0,-1
433,102,0,-1
434,101,0,-1
435,101,0,-1
436,103,0,-1
437,102,0,-1
438,102,0,-1
439,103,0,-1
440,103,0,-1
441,103,0,-1
442,102,0,0
443,102,0,0
444,101,0,0
445,102,0,0
446,102,0,0
447,102,0,0
448,103,0,0
449,103,0,1
450,103,0,1
451,102,0,1
452,102,0,1
453,104,0,1
454,104,0,1
455,103,0,1
456,103,0,1
457,104,0,1
458,108,0,1
459,104,0,1
460,104,0,1
461,103,0,1
462,104,0,1
463,103,0,1
464,104,0,1
465,103,0,1
466,106,0,0
467,104,0,0
468,103,0,0
469,104,0,0
470,103,0,-1
471,103,0,-1
472,103,0,-1
473,103,0,-1
474,103,0,-1
475,103,0,-1
476,103,0,-1
477,104,0,-1
478,105,0,-1
479,104,0,-2
480,105,0,-2
481,105,0,-2
482,105,0,-2
483,105,0,-2
484,105,0,-1
485,105,0,-1
486,105,0,-1
487,105,0,-1
488,104,0,0
489,105,0,0
490,105,0,0
491,105,0,0
492,105,0,0
493,105,0,1
494,106,0,1
495,106,0,1
496,106,0,1
497,106,0,1
498,105,0,1
499,105,0,1
500,105,0,1
501,105,0,1
502,105,0,1
503,104,0,1
504,105,0,1
505,105,0,1
506,104,0,1
507,104,0,1
508,104,0,1
509,106,0,1
510,106,0,1
511,106,0,1
512,106,0,1
513,105,0,1
514,106,0,1
515,106,0,1
516,106,0,1
517,106,0,1
518,105,0,1
519,105,0,1
520,105,0,1
521,105,0,1
522,105,0,1
523,106,0,1
524,106,0,1
525,105,0,1
526,105,0,1
527,105,0,1
528,105,0,0
529,105,0,0
530,105,0,0
531,105,0,0
532,105,0,0
533,106,0,0
534,105,0,0
535,105,0,0
536,106,0,0
537,106,0,0
538,105,0,1
539,105,0,1
540,106,0,1
541,105,0,1
542,104,0,1
543,105,0,1
544,105,0,1
545,105,0,1
546,105,0,1
547,105,0,1
548,104,0,1
549,104,0,1
550,105,0,1
551,104,0,1
552,105,0,1
553,104,0,1
554,104,0,1
555,104,0,1
556,104,0,1
557,105,0,1
558,104,0,1
559,105,0,1
560,105,0,1
561,105,0,1
562,105,0,1
563,105,0,1
564,104,0,1
565,105,0,1
566,105,0,1
567,104,0,1
568,105,0,1
569,104,0,1
570,104,0,0
571,105,0,0
572,104,0,0
573,104,0,0
574,104,0,0
575,104,0,0
576,104,0,0
577,104,0,0
578,104,0,-1
579,104,0,-1
580,102,0,-1
581,101,0,-1
582,101,0,-1
583,102,0,-1
584,101,0,-1
585,101,0,-1
586,102,0,-1
587,102,0,-1
588,102,0,0
589,103,0,0
590,103,0,0
591,103,0,0
592,103,0,0
593,104,0,0
594,104,0,1
595,104,0,1
596,104,0,1
597,104,0,1
598,104,0,1
599,102,0,1
600,102,0,2
601,103,0,2
602,103,0,2
603,103,0,2
604,102,0,2
605,102,0,2
606,103,0,2
607,104,0,1
608,103,0,1
609,102,0,1
610,103,0,1
611,102,0,1
612,103,0,1
613,101,0,1
614,102,0,0
615,101,0,0
616,103,0,0
617,103,0,0
618,102,0,0
619,103,0,0
620,103,0,0
621,104,0,0
622,102,0,0
623,102,0,0
624,102,0,0
625,102,0,0
626,102,0,0
627,103,0,0
628,102,0,0
629,104,0,0
630,103,0,0
631,103,0,0
632,103,0,0
633,103,0,-1
634,103,0,-1
635,102,0,-1
636,102,0,-1
637,103,0,-1
638,103,0,-1
639,103,0,-1
640,104,0,-1
641,105,0,-1
642,104,0,-1
643,104,0,-1
644,104,0,-1
645,104,0,-1
646,104,0,-1
647,104,0,-1
648,105,0,0
649,105,0,0
650,105,0,0
651,105,0,0
652,105,0,0
653,105,0,0
654,105,0,0
655,105,0,0
656,105,0,0
657,104,0,0
658,104,0,1
659,104,0,1
660,104,0,1
661,105,0,1
662,105,0,1
663,105,0,1
664,105,0,1
665,105,0,1
666,105,0,1
667,105,0,1
668,105,0,1
669,105,0,1
670,106,0,1
671,105,0,1
672,105,0,1
673,105,0,1
674,105,0,1
675,105,0,1
676,104,0,1
677,105,0,1
678,105,0,1
679,105,0,0
680,105,0,0
681,105,0,0
682,105,0,0
683,105,0,0
684,105,0,-1
685,105,0,-1
686,105,0,-1
687,105,0,-1
688,105,0,-1
689,105,0,-1
690,105,0,-1
691,105,0,-1
692,105,0,-1
693,105,0,-1
694,105,0,-1
695,105,0,-1
696,106,0,-1
697,105,0,-1
698,105,0,0
699,105,0,0
700,105,0,0
701,105,0,0
702,106,0,0
703,105,0,0
704,105,0,0
705,105,0,0
706,105,0,0
707,105,0,1
708,105,0,1
709,105,0,1
710,105,0,1
711,105,0,1
712,105,0,1
713,105,0,1
714,104,0,1
715,104,0,1
716,105,0,1
717,105,0,1
718,104,0,1
719,105,0,1
720,104,0,1
721,104,0,1
722,104,0,1
723,104,0,1
724,104,0,1
725,104,0,1
726,105,0,1
727,104,0,1
728,104,0,1
729,104,0,1
730,104,0,1
731,104,0,1
732,104,0,0
733,104,0,0
734,104,0,0
735,104,0,0
736,104,0,0
737,104,0,0
738,104,0,0
739,104,0,0
740,104,0,0
741,104,0,0
742,104,0,0
743,104,0,0
744,104,0,0
745,104,0,0
746,104,0,0
747,104,0,0
748,104,0,0
749,104,0,0
750,104,0,0
751,103,0,0
752,103,0,0
753,103,0,0
754,103,0,0
755,103,0,0
756,103,0,0
757,103,0,0
758,103,0,0
759,103,0,0
760,103,0,0
761,103,0,0
762,103,0,0
763,104,0,0
764,103,0,0
765,103,0,0
766,103,0,0
767,103,0,0
768,103,0,-1
769,103,0,-1
770,103,0,-1
771,103,0,-1
772,103,0,-1
773,103,0,-1
774,103,0,-1
775,103,0,-1
776,103,0,-1
777,103,0,-1
778,103,0,-1
779,103,0,-2
780,103,0,-2
781,103,0,-2
782,103,0,-2
783,103,0,-2
784,102,0,-2
785,103,0,-2
786,103,0,-2
787,103,0,-2
788,102,0,-2
789,103,0,-2
790,103,0,-2
791,102,0,-2
792,103,0,-1
793,103,0,-1
794,103,0,-1
795,103,0,-1
796,103,0,-1
797,103,0,0
798,103,0,0
799,103,0,0
800,104,0,0
801,104,0,1
802,103,0,1
803,103,0,1
804,104,0,1
805,104,0,1
806,103,0,1
807,104,0,2
808,103,0,2
809,104,0,2
810,104,0,2
811,104,0,2
812,104,0,2
813,103,0,2
814,103,0,2
815,104,0,2
816,104,0,1
817,103,0,1
818,103,0,1
819,103,0,1
820,101,0,1
821,102,0,1
822,101,0,1
823,102,0,0
824,104,0,0
825,100,0,0
826,101,0,0
827,101,0,0
828,101,0,0
829,100,0,0
830,101,0,0
831,101,0,0
832,101,0,0
833,101,0,0
834,101,0,0
835,101,0,0
836,102,0,0
837,101,0,0
838,101,0,0
839,102,0,0
840,101,0,1
841,101,0,1
842,101,0,1
843,101,0,1
844,102,0,1
845,101,0,1
846,101,0,1
847,102,0,1
848,102,0,1
849,102,0,1
850,103,0,1
851,104,0,1
852,104,0,1
853,105,0,1
854,105,0,1
855,104,0,1
856,104,0,1
857,104,0,1
858,104,0,1
859,104,0,1
860,104,0,1
861,104,0,1
862,105,0,1
863,104,0,1
864,104,0,0
865,104,0,0
866,104,0,0
867,104,0,0
868,104,0,0
869,104,0,0
870,104,0,0
871,103,0,0
872,103,0,-1
873,103,0,-1
874,103,0,-1
875,104,0,-1
876,104,0,-1
877,103,0,-1
878,104,0,-2
879,104,0,-2
880,104,0,-2
881,103,0,-2
882,103,0,-2
883,103,0,-2
884,104,0,-2
885,103,0,-2
886,103,0,-2
887,104,0,-2
888,103,0,-2
889,104,0,-2
890,103,0,-2
891,102,0,-2
892,103,0,-2
893,103,0,-2
894,102,0,-2
895,102,0,-2
896,103,0,-2
897,103,0,-2
898,102,0,-2
899,102,0,-2
900,103,0,-2
901,103,0,-1
902,103,0,-1
903,103,0,-1
904,103,0,-1
905,103,0,-1
906,103,0,-1
907,103,0,-1
908,103,0,-1
909,103,0,-1
910,103,0,-1
911,103,0,-1
912,103,0,-1
913,103,0,-1
914,103,0,-1
915,103,0,-1
916,103,0,-1
917,103,0,-1
918,103,0,-1
919,103,0,-1
920,103,0,0
921,103,0,0
922,103,0,0
923,103,0,0
924,103,0,0
925,103,0,0
926,103,0,0
927,103,0,0
928,103,0,0
929,103,0,0
930,103,0,0
931,104,0,0
932,103,0,0
933,103,0,0
934,103,0,0
935,103,0,0
936,103,0,0
937,103,0,0
938,103,0,0
939,103,0,0
940,103,0,0
941,103,0,0
942,102,0,0
943,103,0,0
944,103,0,-1
945,103,0,-1
946,103,0,-1
947,103,0,0
948,103,0,0
949,103,0,0
950,104,0,0
951,103,0,0
952,103,0,-1
953,103,0,-1
954,103,0,-1
955,103,0,-1
956,103,0,-1
957,103,0,-1
958,103,0,-1
959,103,0,-1
960,103,0,-1
961,103,0,-1
962,103,0,-1
963,103,0,-1
964,103,0,-1
965,103,0,-1
966,103,0,-1
967,103,0,-1
968,103,0,-1
969,103,0,-1
970,103,0,-1
971,103,0,-1
972,103,0,-1
973,103,0,-1
974,103,0,-1
975,103,0,-1
976,103,0,-2
977,103,0,-2
978,103,0,-2
979,103,0,-2
980,103,0,-2
981,103,0,-2
982,103,0,-2
983,103,0,-2
984,103,0,-2
985,102,0,-2
986,103,0,-2
987,102,0,-2
988,102,0,-2
989,103,0,-2
990,103,0,-2
991,103,0,-2
992,103,0,-2
993,103,0,-1
994,103,0,-1
995,103,0,-1
996,103,0,-1
997,103,0,-1
998,103,0,-1
999,103,0,-1
1000,104,0,0
1001,103,0,0
1002,103,0,0
1003,104,0,0
1004,103,0,0
1005,103,0,0
1006,104,0,0
1007,103,0,0
1008,103,0,0
1009,104,0,0
1010,103,0,0
1011,103,0,0
1012,102,0,0
1013,103,0,0
1014,102,0,0
1015,102,0,0
1016,102,0,0
1017,102,0,0
1018,103,0,0
1019,102,0,0
1020,102,0,0
1021,102,0,0
1022,102,0,0
1023,102,0,0
1024,102,0,0
1025,102,0,0
1026,103,0,0
1027,102,0,0
1028,103,0,0
1029,102,0,0
1030,103,0,0
1031,103,0,0
1032,102,0,1
1033,103,0,1
1034,103,0,1
1035,103,0,1
1036,103,0,1
1037,103,0,1
1038,103,0,1
1039,102,0,1
1040,103,0,1
1041,103,0,1
1042,103,0,1
1043,103,0,1
1044,103,0,1
1045,102,0,1
1046,103,0,1
1047,103,0,1
1048,103,0,1
1049,102,0,1
1050,103,0,1
1051,103,0,1
1052,102,0,1
1053,102,0,1
1054,102,0,0
1055,103,0,0
1056,102,0,0
1057,102,0,0
1058,102,0,0
1059,101,0,0
1060,103,0,0
1061,102,0,0
1062,102,0,0
1063,102,0,0
1064,102,0,0
1065,103,0,0
1066,102,0,0
1067,103,0,0
1068,102,0,0
1069,103,0,0
1070,102,0,0
1071,102,0,0
1072,102,0,0
1073,103,0,0
1074,103,0,0
1075,102,0,0
1076,103,0,0
1077,102,0,0
1078,103,0,0
1079,102,0,0
1080,103,0,0
1081,103,0,0
1082,103,0,0
1083,103,0,0
1084,102,0,0
1085,103,0,0
1086,103,0,0
1087,103,0,0
1088,102,0,-1
1089,102,0,-1
1090,102,0,-1
1091,102,0,-2
1092,103,0,-2
1093,102,0,-2
1094,103,0,-2
1095,102,0,-2
1096,102,0,-3
1097,103,0,-3
1098,102,0,-3
1099,102,0,-3
1100,102,0,-3
1101,102,0,-3
1102,103,0,-2
1103,103,0,-2
1104,103,0,-2
1105,103,0,-2
1106,103,0,-1
1107,103,0,-1
1108,103,0,0
1109,103,0,0
1110,104,0,0
1111,103,0,1
1112,104,0,1
1113,104,0,1
1114,103,0,1
1115,104,0,1
1116,103,0,1
1117,103,0,1
1118,104,0,1
1119,104,0,1
1120,104,0,1
1121,103,0,1
1122,104,0,1
1123,103,0,0
1124,103,0,0
1125,103,0,0
1126,103,0,0
1127,103,0,0
1128,103,0,-1
1129,103,0,-1
1130,103,0,-1
1131,103,0,-1
1132,103,0,-1
1133,103,0,-1
1134,103,0,-1
1135,103,0,-1
1136,103,0,-1
1137,103,0,-1
1138,103,0,-1
1139,103,0,0
1140,104,0,0
1141,103,0,0
1142,104,0,0
1143,103,0,0
1144,104,0,1
1145,104,0,1
1146,104,0,1
1147,103,0,1
1148,103,0,1
1149,104,0,1
1150,104,0,2
1151,103,0,2
1152,104,0,2
1153,104,0,2
1154,104,0,2
1155,103,0,1
1156,104,0,1
1157,104,0,1
1158,104,0,1
1159,103,0,1
1160,104,0,1
1161,103,0,1
1162,103,0,1
1163,103,0,1
1164,103,0,1
1165,103,0,0
1166,103,0,0
1167,103,0,0
1168,103,0,0
1169,103,0,0
1170,103,0,0
1171,103,0,0
1172,103,0,0
1173,103,0,-1
1174,103,0,-1
1175,103,0,-1
1176,103,0,-1
1177,102,0,-1
1178,103,0,-1
1179,103,0,-1
1180,103,0,-1
1181,103,0,0
1182,103,0,0
1183,103,0,0
1184,103,0,0
1185,103,0,0
1186,103,0,0
1187,103,0,0
1188,103,0,0
1189,103,0,0
1190,103,0,0
1191,104,0,0
1192,103,0,0
1193,104,0,0
1194,104,0,0
1195,103,0,0
1196,102,0,0
1197,103,0,0
1198,103,0,-1
1199,103,0,-1
1200,103,0,-1
1201,103,0,-1
1202,103,0,-1
1203,103,0,-1
1204,102,0,-1
1205,103,0,-1
1206,103,0,-1
1207,103,0,-1
1208,103,0,-1
1209,103,0,-1
1210,103,0,-1
1211,103,0,-1
1212,103,0,-1
1213,103,0,-1
1214,103,0,-1
1215,103,0,-1
1216,103,0,0
1217,104,0,0
1218,103,0,0
1219,104,0,1
1220,104,0,1
1221,104,0,1
1222,104,0,1
1223,104,0,2
1224,104,0,2
1225,104,0,3
1226,105,0,3
1227,104,0,3
1228,104,0,3
1229,105,0,3
1230,104,0,3
1231,103,0,3
1232,103,0,3
1233,103,0,3
1234,103,0,3
1235,103,0,3
1236,103,0,3
1237,103,0,3
1238,103,0,3
1239,103,0,3
1240,103,0,3
1241,103,0,2
1242,103,0,2
1243,102,0,2
1244,102,0,2
1245,102,0,2
1246,102,0,2
1247,102,0,2
1248,101,0,2
1249,101,0,1
1250,102,0,1
1251,103,0,1
1252,102,0,1
1253,102,0,0
1254,103,0,0
1255,102,0,0
1256,101,0,-1
1257,103,0,-1
1258,102,0,-1
1259,102,0,-1
1260,102,0,-2
1261,102,0,-2
1262,102,0,-2
1263,102,0,-2
1264,101,0,-2
1265,101,0,-2
1266,101,0,-2
1267,101,0,-2
1268,101,0,-2
1269,102,0,-2
1270,102,0,-2
1271,103,0,-1
1272,102,0,-1
1273,103,0,-1
1274,103,0,-1
1275,103,0,-1
1276,103,0,-1
1277,104,0,0
1278,104,0,0
1279,103,0,0
1280,104,0,0
1281,103,0,0
1282,103,0,0
1283,103,0,0
1284,104,0,0
1285,104,0,0
1286,104,0,0
1287,104,0,0
1288,104,0,0
1289,104,0,0
1290,104,0,0
1291,104,0,0
1292,104,0,0
1293,103,0,0
1294,104,0,0
1295,104,0,0
1296,105,0,0
1297,104,0,1
1298,104,0,1
1299,104,0,1
1300,104,0,1
1301,104,0,1
1302,105,0,1
1303,105,0,1
1304,104,0,2
1305,104,0,2
1306,104,0,2
1307,104,0,2
1308,104,0,2
1309,105,0,2
1310,104,0,2
1311,104,0,2
1312,104,0,2
1313,104,0,2
1314,104,0,1
1315,104,0,1
1316,104,0,1
1317,104,0,1
1318,104,0,1
1319,104,0,0
1320,103,0,0
1321,104,0,0
1322,104,0,0
1323,103,0,0
1324,103,0,-1
1325,103,0,-1
1326,103,0,-1
1327,103,0,-1
1328,104,0,-1
1329,103,0,-1
1330,104,0,-1
1331,103,0,-1
1332,104,0,-1
1333,103,0,-1
1334,104,0,-1
1335,104,0,-1
1336,104,0,-1
1337,103,0,-1
1338,103,0,-1
1339,103,0,-1
1340,103,0,-1
1341,103,0,-1
1342,104,0,-1
1343,103,0,-1
1344,104,0,-1
1345,104,0,0
1346,104,0,0
1347,104,0,0
1348,104,0,0
1349,104,0,0
1350,104,0,0
1351,103,0,0
1352,103,0,1
1353,103,0,1
1354,103,0,1
1355,103,0,1
1356,103,0,1
1357,104,0,1
1358,104,0,1
1359,103,0,1
1360,103,0,1
1361,103,0,2
1362,103,0,2
1363,104,0,1
1364,103,0,1
1365,103,0,1
1366,103,0,1
1367,103,0,1
1368,103,0,1
1369,103,0,1
1370,103,0,0
1371,102,0,0
1372,102,0,0
1373,101,0,0
1374,101,0,0
1375,101,0,0
1376,101,0,-1
1377,102,0,-1
1378,102,0,-1
1379,102,0,-1
1380,102,0,-1
1381,103,0,-1
1382,103,0,-1
1383,103,0,-1
1384,104,0,-1
1385,103,0,-2
1386,103,0,-2
1387,103,0,-2
1388,103,0,-2
1389,102,0,-2
1390,102,0,-2
1391,103,0,-2
1392,102,0,-2
1393,103,0,-2
1394,102,0,-2
1395,103,0,-2
1396,103,0,-2
1397,103,0,-2
1398,103,0,-1
1399,103,0,-1
1400,103,0,-1
1401,103,0,-1
1402,103,0,-1
1403,103,0,0
1404,103,0,0
1405,103,0,0
1406,103,0,0
1407,103,0,1
1408,103,0,1
1409,103,0,1
1410,103,0,1
1411,103,0,1
1412,103,0,1
1413,104,0,1
1414,103,0,1
1415,103,0,1
1416,103,0,1
1417,104,0,1
1418,103,0,1
1419,103,0,1
1420,103,0,1
1421,103,0,1
1422,103,0,1
1423,103,0,1
1424,103,0,1
1425,103,0,0
1426,103,0,0
1427,103,0,0
1428,103,0,0
1429,103,0,0
1430,103,0,-1
1431,102,0,-1
1432,103,0,-1
1433,102,0,-1
1434,102,0,-1
1435,103,0,-2
1436,101,0,-2
1437,101,0,-2
1438,103,0,-2
1439,103,0,-2
1440,102,0,-2
1441,102,0,-2
1442,101,0,-2
1443,101,0,-2
1444,101,0,-2
1445,103,0,-2
1446,102,0,-2
1447,102,0,-2
1448,101,0,-2
1449,102,0,-2
1450,101,0,-2
1451,101,0,-2
1452,101,0,-1
1453,101,0,-1
1454,100,0,-1
1455,101,0,-1
1456,101,0,-1
1457,102,0,0
1458,102,0,0
1459,101,0,0
1460,102,0,0
1461,101,0,0
1462,101,0,0
1463,102,0,0
1464,102,0,0
1465,102,0,0
1466,102,0,0
1467,102,0,0
1468,103,0,0
1469,103,0,0
1470,103,0,-1
1471,103,0,-1
1472,102,0,-1
1473,101,0,-1
1474,103,0,-1
1475,103,0,-1
1476,104,0,-1
1477,104,0,-1
1478,102,0,-1
1479,102,0,-1
1480,102,0,-1
1481,104,0,-1
1482,104,0,0
1483,102,0,0
1484,102,0,0
1485,103,0,0
1486,103,0,0
1487,104,0,0
1488,104,0,0
1489,104,0,0
1490,104,0,0
1491,103,0,0
1492,103,0,0
1493,103,0,-1
1494,104,0,-1
1495,104,0,-1
1496,104,0,-1
1497,104,0,-1
1498,104,0,-1
1499,104,0,-1
1500,104,0,-1
1501,104,0,-1
1502,104,0,-1
1503,104,0,-1
1504,104,0,-1
1505,104,0,-1
1506,104,0,-1
1507,105,0,-1
1508,105,0,-1
1509,104,0,0
1510,105,0,0
1511,104,0,0
1512,104,0,0
1513,104,0,0
1514,105,0,0
1515,104,0,0
1516,104,0,0
1517,104,0,0
1518,105,0,0
1519,104,0,0
1520,104,0,0
1521,105,0,0
1522,105,0,0
1523,104,0,0
1524,104,0,0
1525,104,0,0
1526,105,0,0
1527,105,0,0
1528,105,0,0
1529,105,0,0
1530,104,0,0
1531,104,0,0
1532,104,0,0
1533,104,0,0
1534,105,0,0
1535,105,0,0
1536,105,0,0
1537,105,0,0
1538,104,0,0
1539,104,0,0
1540,104,0,-1
1541,105,0,-1
1542,104,0,-1
1543,105,0,-1
1544,104,0,-1
1545,103,0,-1
1546,105,0,-1
1547,104,0,-1
1548,104,0,-1
1549,105,0,-1
1550,104,0,-1
1551,104,0,-2
1552,104,0,-2
1553,104,0,-1
1554,104,0,-1
1555,104,0,-1
1556,104,0,-1
1557,105,0,-1
1558,104,0,-1
1559,104,0,-1
1560,103,0,-1
1561,103,0,-1
1562,103,0,-1
1563,103,0,-1
1564,103,0,-1
1565,103,0,-1
1566,104,0,0
1567,103,0,0
1568,104,0,0
1569,104,0,0
1570,104,0,0
1571,103,0,0
1572,103,0,0
1573,103,0,0
1574,104,0,0
1575,104,0,0
1576,104,0,0
1577,104,0,1
1578,103,0,1
1579,103,0,1
1580,104,0,1
1581,104,0,1
1582,104,0,1
1583,104,0,1
1584,104,0,1
1585,104,0,1
1586,104,0,1
1587,103,0,1
1588,104,0,1
1589,104,0,1
1590,103,0,0
1591,103,0,0
1592,103,0,0
1593,102,0,0
1594,103,0,0
1595,102,0,0
1596,103,0,-1
1597,102,0,-1
1598,102,0,-1
1599,102,0,-1
1600,102,0,-1
1601,102,0,-1
1602,102,0,-1
1603,102,0,-2
1604,102,0,-2
1605,103,0,-2
1606,102,0,-2
1607,102,0,-2
1608,102,0,-2
1609,103,0,-2
1610,102,0,-2
1611,102,0,-2
1612,102,0,-2
1613,102,0,-1
1614,102,0,-1
1615,103,0,-1
1616,103,0,-1
1617,102,0,-1
1618,103,0,-1
1619,102,0,-1
1620,102,0,-1
1621,102,0,-1
1622,102,0,-1
1623,102,0,-1
1624,103,0,-1
1625,102,0,-2
1626,102,0,-2
1627,102,0,-2
1628,102,0,-2
1629,102,0,-2
1630,102,0,-2
1631,102,0,-2
1632,102,0,-2
1633,102,0,-2
1634,102,0,-2
1635,102,0,-2
1636,102,0,-2
1637,103,0,-2
1638,102,0,-2
1639,102,0,-2
1640,103,0,-2
1641,102,0,-2
1642,102,0,-2
1643,102,0,-2
1644,103,0,-1
1645,103,0,-1
1646,103,0,-1
1647,103,0,-1
1648,102,0,-1
1649,102,0,-1
1650,103,0,-1
1651,103,0,0
1652,103,0,0
1653,103,0,0
1654,103,0,0
1655,103,0,0
1656,102,0,0
1657,103,0,0
1658,103,0,0
1659,103,0,0
1660,103,0,0
1661,103,0,0
1662,103,0,0
1663,103,0,0
1664,103,0,0
1665,103,0,0
1666,103,0,0
1667,103,0,0
1668,103,0,0
1669,103,0,0
1670,103,0,0
1671,102,0,0
1672,102,0,0
1673,103,0,0
1674,103,0,0
1675,102,0,0
1676,103,0,0
1677,102,0,0
1678,103,0,0
1679,103,0,0
1680,102,0,0
1681,102,0,0
1682,102,0,-1
1683,102,0,-1
1684,102,0,-1
1685,101,0,-1
1686,102,0,-1
1687,102,0,-1
1688,102,0,-1
1689,102,0,-1
1690,102,0,-2
1691,102,0,-2
1692,102,0,-2
1693,102,0,-2
1694,102,0,-2
1695,102,0,-2
1696,102,0,-2
1697,102,0,-2
1698,102,0,-2
1699,102,0,-2
1700,102,0,-2
1701,102,0,-2
1702,101,0,-2
1703,102,0,-2
1704,102,0,-2
1705,102,0,-2
1706,102,0,-2
1707,102,0,-2
1708,102,0,-1
1709,102,0,-1
1710,103,0,-1
1711,103,0,-1
1712,103,0,-1
1713,103,0,-1
1714,104,0,-1
1715,103,0,-1
1716,104,0,-1
1717,103,0,-1
1718,103,0,-1
1719,103,0,-1
1720,103,0,-1
1721,103,0,-1
1722,104,0,0
1723,104,0,0
1724,104,0,0
1725,104,0,0
1726,104,0,0
1727,104,0,0
1728,103,0,0
1729,104,0,0
1730,103,0,0
1731,104,0,0
1732,103,0,0
1733,103,0,0
1734,103,0,0
1735,104,0,0
1736,103,0,0
1737,103,0,-1
1738,103,0,-1
1739,103,0,-1
1740,103,0,-1
1741,103,0,-1
1742,103,0,-2
1743,103,0,-2
1744,103,0,-2
1745,103,0,-2
1746,103,0,-3
1747,103,0,-3
1748,103,0,-3
1749,103,0,-3
1750,103,0,-3
1751,103,0,-3
1752,102,0,-3
1753,103,0,-3
1754,103,0,-3
1755,103,0,-3
1756,103,0,-3
1757,102,0,-3
1758,103,0,-3
1759,102,0,-4
1760,103,0,-4
1761,103,0,-4
1762,103,0,-4
1763,103,0,-4
1764,103,0,-3
1765,102,0,-3
1766,103,0,-3
1767,103,0,-3
1768,102,0,-3
1769,103,0,-3
1770,103,0,-3
1771,103,0,-2
1772,103,0,-2
1773,103,0,-2
1774,103,0,-2
1775,103,0,-2
1776,103,0,-1
1777,104,0,-1
1778,104,0,-1
1779,103,0,-1
1780,103,0,0
1781,104,0,0
1782,105,0,0
1783,105,0,0
1784,105,0,1
1785,104,0,1
1786,104,0,1
1787,104,0,1
1788,104,0,1
1789,104,0,1
1790,104,0,2
1791,105,0,2
1792,104,0,2
1793,104,0,1
1794,104,0,1
1795,103,0,1
1796,103,0,1
1797,102,0,1
1798,104,0,0
1799,103,0,0
1800,103,0,0
1801,103,0,0
1802,103,0,-1
1803,102,0,-1
1804,104,0,-1
1805,104,0,-1
1806,103,0,-1
1807,103,0,-1
1808,103,0,-1
1809,104,0,-1
1810,104,0,-1
1811,104,0,-1
1812,103,0,-1
1813,104,0,-1
1814,104,0,-1
1815,104,0,-1
1816,103,0,-1
1817,104,0,-1
1818,104,0,-1
1819,104,0,-1
1820,104,0,-1
1821,104,0,-1
1822,104,0,-1
1823,104,0,-1
1824,104,0,-1
1825,104,0,-1
1826,103,0,0
1827,104,0,0
1828,104,0,0
1829,104,0,0
1830,104,0,0
1831,103,0,0
1832,104,0,0
1833,104,0,0
1834,105,0,0
1835,103,0,0
1836,104,0,0
1837,104,0,1
1838,103,0,1
1839,104,0,1
1840,104,0,1
1841,104,0,1
1842,104,0,1
1843,104,0,1
1844,104,0,1
1845,103,0,1
1846,103,0,1
1847,104,0,1
1848,104,0,1
1849,103,0,1
1850,105,0,0
1851,104,0,0
1852,104,0,0
1853,104,0,0
1854,104,0,0
1855,104,0,0
1856,104,0,0
1857,104,0,0
1858,104,0,0
1859,105,0,0
1860,104,0,0
1861,105,0,0
1862,105,0,-1
1863,104,0,-1
1864,104,0,-1
1865,104,0,-1
1866,104,0,-1
1867,104,0,-1
1868,104,0,-1
1869,104,0,-1
1870,104,0,-1
1871,104,0,-1
1872,104,0,-1
1873,103,0,-1
1874,103,0,-1
1875,104,0,-1
1876,105,0,-1
1877,104,0,-1
1878,105,0,-1
1879,105,0,-1
1880,105,0,-1
1881,104,0,-1
1882,105,0,0
1883,105,0,0
1884,105,0,0
1885,105,0,0
1886,105,0,0
1887,104,0,0
1888,104,0,0
1889,104,0,0
1890,104,0,0
1891,105,0,0
1892,105,0,0
1893,104,0,0
1894,104,0,0
1895,105,0,0
1896,104,0,0
1897,105,0,0
1898,105,0,0
1899,105,0,0
1900,105,0,0
1901,105,0,0
1902,105,0,0
1903,105,0,-1
1904,105,0,0
1905,105,0,0
1906,104,0,0
1907,105,0,0
1908,105,0,0
1909,105,0,0
1910,105,0,0
1911,105,0,-1
1912,105,0,-1
1913,104,0,-1
1914,104,0,-1
1915,105,0,-1
1916,105,0,-1
1917,104,0,-1
1918,104,0,-1
1919,103,0,-2
1920,103,0,-2
1921,104,0,-2
1922,103,0,-2
1923,104,0,-2
1924,104,0,-2
1925,105,0,-2
1926,104,0,-2
1927,104,0,-2
1928,104,0,-2
1929,105,0,-2
1930,105,0,-2
1931,104,0,-2
1932,104,0,-2
1933,105,0,-2
1934,105,0,-1
1935,105,0,-1
1936,105,0,-1
1937,105,0,-1
1938,105,0,0
1939,105,0,0
1940,106,0,0
1941,106,0,0
1942,106,0,0
1943,106,0,1
1944,106,0,1
1945,106,0,1
1946,106,0,1
1947,106,0,1
1948,103,0,1
1949,103,0,1
1950,102,0,1
1951,104,0,1
1952,104,0,1
1953,102,0,1
1954,101,0,1
1955,104,0,1
1956,105,0,1
1957,104,0,1
1958,104,0,1
1959,103,0,1
1960,103,0,0
1961,104,0,0
1962,103,0,0
1963,102,0,-1
1964,103,0,-1
1965,103,0,-1
1966,103,0,-1
1967,103,0,-2
1968,103,0,-2
1969,102,0,-2
1970,103,0,-2
1971,102,0,-2
1972,102,0,-3
1973,102,0,-3
1974,103,0,-3
1975,102,0,-3
1976,102,0,-2
1977,101,0,-2
1978,101,0,-2
1979,101,0,-2
1980,101,0,-2
1981,101,0,-2
1982,102,0,-2
1983,102,0,-2
1984,103,0,-1
1985,103,0,-1
1986,103,0,-1
1987,103,0,-1
1988,103,0,-1
1989,103,0,0
1990,103,0,0
1991,103,0,0
1992,102,0,0
1993,102,0,1
1994,101,0,1
1995,102,0,1
1996,103,0,1
1997,104,0,1
1998,104,0,2
1999,105,0,2
2000,105,0,2
2001,104,0,2
2002,104,0,2
2003,103,0,2
2004,105,0,2
2005,104,0,2
2006,104,0,2
2007,103,0,2
2008,104,0,1
2009,104,0,1
2010,101,0,1
2011,102,0,1
2012,102,0,0
2013,102,0,0
2014,103,0,0
2015,102,0,-1
2016,102,0,-1
2017,102,0,-2
2018,101,0,-2
2019,101,0,-2
2020,101,0,-3
2021,101,0,-3
2022,101,0,-3
2023,101,0,-4
2024,101,0,-4
2025,101,0,-4
2026,101,0,-4
2027,102,0,-4
2028,102,0,-4
2029,102,0,-4
2030,102,0,-5
2031,101,0,-5
2032,101,0,-4
2033,101,0,-4
2034,102,0,-4
2035,102,0,-4
2036,102,0,-4
2037,102,0,-4
2038,101,0,-4
2039,101,0,-4
2040,102,0,-3
2041,102,0,-3
2042,101,0,-3
2043,102,0,-3
2044,102,0,-3
2045,102,0,-3
2046,102,0,-3
2047,102,0,-2
2048,102,0,-2
2049,102,0,-2
2050,103,0,-2
2051,103,0,-2
2052,103,0,-2
2053,103,0,-2
2054,103,0,-2
2055,103,0,-1
2056,103,0,-1
2057,103,0,-1
2058,102,0,-1
2059,103,0,-1
2060,103,0,-1
2061,103,0,0
2062,104,0,0
2063,103,0,0
2064,104,0,0
2065,104,0,1
2066,104,0,1
2067,105,0,1
2068,104,0,1
2069,104,0,1
2070,104,0,1
2071,104,0,1
2072,103,0,1
2073,103,0,1
2074,102,0,1
2075,101,0,1
2076,102,0,1
2077,101,0,1
2078,102,0,1
2079,102,0,1
2080,102,0,1
2081,102,0,1
2082,102,0,1
2083,102,0,1
2084,101,0,1
2085,101,0,1
2086,101,0,1
2087,103,0,1
2088,103,0,1
2089,102,0,1
2090,103,0,1
2091,103,0,1
2092,103,0,1
2093,102,0,1
2094,101,0,1
2095,102,0,1
2096,101,0,0
2097,103,0,0
2098,102,0,0
2099,102,0,0
2100,100,0,-1
2101,100,0,-1
2102,100,0,-1
2103,100,0,-1
2104,101,0,-1
2105,101,0,-1
2106,101,0,-1
2107,101,0,-1
2108,99,0,-1
2109,100,0,-2
2110,101,0,-2
2111,100,0,-2
2112,100,0,-2
2113,100,0,-2
2114,100,0,-2
2115,100,0,-2
2116,100,0,-2
2117,100,0,-2
2118,100,0,-1
2119,100,0,-1
2120,101,0,-1
2121,101,0,-1
2122,101,0,-1
2123,101,0,-1
2124,101,0,-1
2125,101,0,-1
2126,101,0,-1
2127,102,0,-1
2128,102,0,-1
2129,102,0,-1
2130,101,0,0
2131,102,0,-1
2132,102,0,-1
2133,103,0,-1
2134,103,0,-1
2135,101,0,-1
2136,100,0,-1
2137,101,0,-1
2138,101,0,-1
2139,101,0,-1
2140,102,0,-1
2141,101,0,-1
2142,100,0,-1
2143,101,0,-1
2144,101,0,-1
2145,101,0,-1
2146,101,0,-1
2147,101,0,-1
2148,101,0,-1
2149,101,0,-1
2150,102,0,-1
2151,102,0,-1
2152,102,0,-1
2153,102,0,-1
2154,102,0,-1
2155,102,0,-1
2156,103,0,-1
2157,103,0,-1
2158,103,0,-1
2159,101,0,-1
2160,104,0,-1
2161,104,0,-1
2162,105,0,-1
2163,102,0,-1
2164,102,0,-1
2165,102,0,-1
2166,102,0,-2
2167,104,0,-2
2168,107,0,-2
2169,104,0,-2
2170,104,0,-2
2171,104,0,-2
2172,105,0,-2
2173,104,0,-2
2174,104,0,-3
2175,105,0,-3
2176,104,0,-3
2177,104,0,-3
2178,105,0,-3
2179,104,0,-3
2180,105,0,-3
2181,105,0,-3
2182,104,0,-3
2183,104,0,-3
2184,105,0,-3
2185,105,0,-3
2186,104,0,-3
2187,105,0,-2
2188,105,0,-2
2189,105,0,-2
2190,104,0,-2
2191,106,0,-1
2192,105,0,-1
2193,106,0,-1
2194,105,0,-1
2195,105,0,-1
2196,105,0,0
2197,105,0,0
2198,106,0,0
2199,105,0,0
2200,105,0,0
2201,106,0,0
2202,106,0,0
2203,105,0,0
2204,105,0,0
2205,105,0,0
2206,105,0,0
2207,105,0,-1
2208,105,0,-1
2209,105,0,-1
2210,104,0,-1
2211,103,0,-1
2212,103,0,-1
2213,103,0,-1
2214,104,0,-1
2215,104,0,-1
2216,104,0,-1
2217,104,0,-1
2218,104,0,-1
2219,104,0,-1
2220,105,0,-1
2221,105,0,-1
2222,105,0,-1
2223,105,0,-1
2224,105,0,-1
2225,105,0,-1
2226,105,0,-1
2227,105,0,-1
2228,105,0,-1
2229,105,0,0
2230,104,0,0
2231,104,0,0
2232,104,0,-1
2233,104,0,-1
2234,104,0,-1
2235,104,0,-1
2236,104,0,-1
2237,103,0,-1
2238,104,0,-1
2239,104,0,-1
2240,104,0,-1
2241,104,0,-1
2242,103,0,-1
2243,104,0,-1
2244,104,0,-1
2245,104,0,-1
2246,103,0,-1
2247,104,0,-1
2248,104,0,-1
2249,104,0,-1
2250,103,0,-1
2251,103,0,-1
2252,103,0,-1
2253,103,0,-1
2254,103,0,-1
2255,104,0,-1
2256,103,0,0
2257,104,0,0
2258,103,0,0
2259,104,0,0
2260,103,0,0
2261,104,0,0
2262,104,0,0
2263,103,0,0
2264,103,0,1
2265,104,0,1
2266,104,0,1
2267,104,0,1
2268,104,0,1
2269,104,0,1
2270,104,0,1
2271,103,0,1
2272,104,0,1
2273,104,0,1
2274,103,0,1
2275,104,0,1
2276,104,0,1
2277,104,0,1
2278,104,0,1
2279,104,0,0
2280,103,0,0
2281,104,0,0
2282,104,0,0
2283,103,0,0
2284,104,0,0
2285,104,0,0
2286,104,0,0
2287,103,0,0
2288,104,0,0
2289,104,0,0
2290,103,0,0
2291,103,0,0
2292,104,0,0
2293,103,0,-1
2294,104,0,-1
2295,104,0,-1
2296,104,0,-1
2297,103,0,-1
2298,103,0,-1
2299,103,0,-1
2300,104,0,-1
2301,106,0,-1
2302,103,0,-1
2303,103,0,-1
2304,103,0,-1
2305,103,0,-1
2306,102,0,-1
2307,103,0,-1
2308,103,0,-1
2309,103,0,-1
2310,103,0,-1
2311,102,0,-1
2312,101,0,-1
2313,104,0,-2
2314,102,0,-2
2315,103,0,-2
2316,103,0,-2
2317,103,0,-2
2318,102,0,-2
2319,103,0,-2
2320,103,0,-2
2321,103,0,-2
2322,103,0,-2
2323,103,0,-2
2324,103,0,-2
2325,103,0,-1
2326,105,0,-1
2327,105,0,-1
2328,103,0,-1
2329,104,0,-1
2330,103,0,-1
2331,104,0,-1
2332,104,0,-1
2333,104,0,-1
2334,104,0,-1
2335,104,0,-1
2336,104,0,-1
2337,104,0,-1
2338,104,0,0
2339,104,0,0
2340,104,0,0
2341,104,0,0
2342,104,0,0
2343,104,0,0
2344,104,0,0
2345,104,0,0
2346,104,0,0
2347,104,0,0
2348,104,0,0
2349,104,0,0
2350,103,0,0
2351,104,0,0
2352,103,0,0
2353,104,0,0
2354,104,0,0
2355,104,0,0
2356,103,0,0
2357,103,0,0
2358,104,0,0
2359,104,0,-1
2360,103,0,-1
2361,103,0,-1
2362,103,0,-1
2363,103,0,-1
2364,104,0,-1
2365,103,0,-1
2366,104,0,-1
2367,103,0,-1
2368,103,0,-1
2369,103,0,-1
2370,103,0,-1
2371,103,0,-1
2372,103,0,-1
2373,103,0,-1
2374,103,0,-1
2375,103,0,-1
2376,103,0,-1
2377,103,0,-1
2378,103,0,-1
2379,103,0,-1
2380,103,0,-1
2381,103,0,-1
2382,103,0,-1
2383,104,0,-1
2384,104,0,-1
2385,104,0,-1
2386,104,0,0
2387,104,0,0
2388,104,0,0
2389,104,0,0
2390,104,0,0
2391,104,0,0
2392,105,0,0
2393,104,0,1
2394,104,0,1
2395,105,0,1
2396,104,0,1
2397,104,0,1
2398,104,0,1
2399,104,0,1
2400,103,0,1
2401,104,0,1
2402,104,0,1
2403,104,0,1
2404,104,0,1
2405,103,0,1
2406,104,0,1
2407,104,0,1
2408,104,0,1
2409,104,0,1
2410,104,0,0
2411,104,0,0
2412,104,0,0
2413,104,0,0
2414,104,0,0
2415,104,0,0
2416,104,0,0
2417,104,0,-1
2418,103,0,-1
2419,103,0,-1
2420,104,0,-1
2421,104,0,-1
2422,103,0,-1
2423,103,0,-1
2424,104,0,-1
2425,104,0,-1
2426,103,0,-1
2427,103,0,-1
2428,103,0,-1
2429,103,0,-1
2430,103,0,-1
2431,104,0,-1
2432,104,0,-1
2433,104,0,-1
2434,103,0,-1
2435,103,0,0
2436,103,0,0
2437,104,0,0
2438,104,0,0
2439,102,0,0
2440,103,0,0
2441,103,0,0
2442,103,0,0
2443,104,0,0
2444,104,0,0
2445,102,0,0
2446,104,0,-1
2447,104,0,-1
2448,103,0,-1
2449,103,0,-2
2450,104,0,-2
2451,102,0,-2
2452,103,0,-2
2453,103,0,-2
2454,102,0,-2
2455,103,0,-2
2456,103,0,-2
2457,102,0,-2
2458,103,0,-2
2459,103,0,-2
2460,103,0,-2
2461,103,0,-2
2462,103,0,-2
2463,103,0,-2
2464,103,0,-2
2465,103,0,-2
2466,103,0,-2
2467,104,0,-2
2468,103,0,-1
2469,104,0,-1
2470,103,0,-1
2471,103,0,-1
2472,103,0,-1
2473,103,0,-1
2474,103,0,-1
2475,104,0,-1
2476,104,0,-1
2477,104,0,-1
2478,104,0,-1
2479,104,0,-1
2480,104,0,-1
2481,104,0,-1
2482,103,0,-1
2483,104,0,-1
2484,103,0,-1
2485,104,0,-1
2486,104,0,-1
2487,104,0,-1
2488,104,0,-1
2489,104,0,0
2490,104,0,0
2491,104,0,0
2492,104,0,0
2493,104,0,0
2494,103,0,0
2495,104,0,0
2496,104,0,0
2497,103,0,0
2498,104,0,0
2499,104,0,1
2500,103,0,1
2501,104,0,1
2502,104,0,1
2503,103,0,1
2504,103,0,1
2505,103,0,1
2506,104,0,1
2507,103,0,1
2508,104,0,1
2509,103,0,1
2510,103,0,1
2511,104,0,0
2512,103,0,0
2513,102,0,0
2514,103,0,0
2515,103,0,0
2516,103,0,0
2517,103,0,-1
2518,103,0,-1
2519,103,0,-1
2520,103,0,-1
2521,103,0,-2
2522,102,0,-2
2523,102,0,-2
2524,102,0,-2
2525,102,0,-2
2526,102,0,-2
2527,103,0,-3
2528,102,0,-3
2529,102,0,-3
2530,102,0,-3
2531,102,0,-3
2532,103,0,-3
2533,102,0,-3
2534,102,0,-2
2535,103,0,-2
2536,102,0,-2
2537,102,0,-2
2538,103,0,-2
2539,102,0,-2
2540,103,0,-2
2541,102,0,-2
2542,102,0,-2
2543,102,0,-2
2544,102,0,-2
2545,103,0,-2
2546,103,0,-2
2547,103,0,-2
2548,102,0,-2
2549,103,0,-2
2550,104,0,-2
2551,104,0,-2
2552,104,0,-2
2553,104,0,-2
2554,103,0,-2
2555,104,0,-2
2556,104,0,-2
2557,104,0,-2
2558,104,0,-2
2559,104,0,-2
2560,104,0,-2
2561,104,0,-2
2562,104,0,-2
2563,104,0,-2
2564,104,0,-2
2565,104,0,-2
2566,104,0,-2
2567,104,0,-2
2568,105,0,-2
2569,104,0,-2
2570,104,0,-2
2571,105,0,-2
2572,104,0,-2
2573,105,0,-1
2574,103,0,-1
2575,104,0,-1
2576,104,0,-1
2577,104,0,-1
2578,105,0,0
2579,105,0,0
2580,104,0,0
2581,105,0,0
2582,105,0,0
2583,105,0,0
2584,105,0,0
2585,105,0,0
2586,105,0,0
2587,105,0,0
2588,105,0,0
2589,105,0,0
2590,105,0,0
2591,105,0,0
2592,105,0,0
2593,105,0,0
2594,105,0,0
2595,105,0,0
2596,105,0,0
2597,104,0,0
2598,105,0,0
2599,105,0,0
2600,105,0,0
2601,104,0,0
2602,105,0,0
2603,104,0,-1
2604,104,0,-1
2605,104,0,-1
2606,104,0,-1
2607,104,0,-1
2608,104,0,-1
2609,104,0,-1
2610,104,0,-1
2611,104,0,-1
2612,104,0,-1
2613,104,0,-1
2614,104,0,-1
2615,106,0,-1
2616,108,0,-1
2617,105,0,-1
2618,105,0,-1
2619,104,0,-1
2620,103,0,-1
2621,103,0,-1
2622,103,0,-1
2623,104,0,-1
2624,104,0,-1
2625,103,0,-1
2626,103,0,-1
2627,104,0,-1
2628,104,0,-1
2629,103,0,-1
2630,104,0,-1
2631,104,0,-1
2632,103,0,-1
2633,104,0,0
2634,103,0,0
2635,103,0,0
2636,104,0,0
2637,103,0,0
2638,103,0,0
2639,104,0,0
2640,104,0,0
2641,104,0,0
2642,104,0,0
2643,104,0,0
2644,104,0,0
2645,104,0,0
2646,104,0,0
2647,103,0,0
2648,103,0,0
2649,104,0,0
2650,104,0,0
2651,104,0,0
2652,104,0,0
2653,104,0,0
2654,104,0,0
2655,103,0,0
2656,103,0,0
2657,103,0,0
2658,102,0,-1
2659,103,0,-1
2660,103,0,-1
2661,103,0,-1
2662,102,0,-1
2663,103,0,-2
2664,102,0,-2
2665,103,0,-2
2666,101,0,-2
2667,102,0,-2
2668,103,0,-3
2669,102,0,-3
2670,102,0,-3
2671,102,0,-3
2672,103,0,-3
2673,103,0,-3
2674,103,0,-3
2675,102,0,-3
2676,102,0,-3
2677,103,0,-3
2678,103,0,-3
2679,103,0,-3
2680,103,0,-3
2681,103,0,-3
2682,103,0,-3
2683,103,0,-3
2684,103,0,-2
2685,104,0,-2
2686,103,0,-2
2687,103,0,-2
2688,104,0,-1
2689,103,0,-1
2690,104,0,-1
2691,105,0,0
2692,104,0,0
2693,104,0,0
2694,104,0,0
2695,104,0,1
2696,104,0,1
2697,104,0,1
2698,104,0,1
2699,104,0,1
2700,104,0,1
2701,104,0,1
2702,104,0,1
2703,104,0,1
2704,104,0,1
2705,103,0,1
2706,104,0,1
2707,103,0,0
2708,102,0,0
2709,102,0,0
2710,102,0,0
2711,102,0,-1
2712,102,0,-1
2713,102,0,-1
2714,102,0,-1
2715,102,0,-2
2716,102,0,-2
2717,103,0,-2
2718,103,0,-2
2719,104,0,-2
2720,104,0,-2
2721,104,0,-2
2722,104,0,-2
2723,103,0,-2
2724,103,0,-2
2725,104,0,-2
2726,104,0,-2
2727,103,0,-2
2728,104,0,-2
2729,104,0,-2
2730,104,0,-2
2731,103,0,-2
2732,103,0,-2
2733,103,0,-1
2734,103,0,-1
2735,103,0,-1
2736,103,0,-1
2737,102,0,-1
2738,102,0,-1
2739,102,0,-1
2740,103,0,-1
2741,103,0,-1
2742,103,0,-1
2743,103,0,0
2744,103,0,0
2745,103,0,0
2746,103,0,-1
2747,103,0,-1
2748,105,0,-1
2749,103,0,-1
2750,103,0,-1
2751,104,0,-1
2752,104,0,-1
2753,103,0,-1
2754,103,0,-1
2755,103,0,-1
2756,103,0,-2
2757,103,0,-2
2758,104,0,-2
2759,105,0,-2
2760,104,0,-2
2761,105,0,-2
2762,105,0,-2
2763,105,0,-2
2764,104,0,-2
2765,105,0,-2
2766,104,0,-2
2767,105,0,-2
2768,105,0,-2
2769,104,0,-2
2770,105,0,-2
2771,105,0,-2
2772,107,0,-2
2773,108,0,-2
2774,107,0,-2
2775,105,0,-2
2776,105,0,-1
2777,105,0,-1
2778,105,0,-1
2779,106,0,-1
2780,105,0,-1
2781,105,0,-1
2782,106,0,0
2783,106,0,0
2784,106,0,0
2785,106,0,0
2786,106,0,0
2787,106,0,0
2788,106,0,0
2789,106,0,0
2790,105,0,0
2791,106,0,1
2792,105,0,1
2793,106,0,1
2794,106,0,1
2795,106,0,1
2796,105,0,1
2797,106,0,1
2798,105,0,1
2799,105,0,1
2800,104,0,0
2801,104,0,0
2802,104,0,0
2803,104,0,0
2804,105,0,0
2805,105,0,0
2806,103,0,-1
2807,104,0,-1
2808,104,0,-1
2809,104,0,-1
2810,104,0,-1
2811,104,0,-2
2812,104,0,-2
2813,103,0,-2
2814,104,0,-2
2815,103,0,-2
2816,104,0,-2
2817,103,0,-2
2818,104,0,-2
2819,104,0,-2
2820,104,0,-2
2821,104,0,-2
2822,105,0,-1
2823,104,0,-1
2824,105,0,-1
2825,105,0,-1
2826,104,0,-1
2827,104,0,-1
2828,105,0,-1
2829,104,0,-1
2830,103,0,-1
2831,103,0,-1
2832,103,0,-1
2833,102,0,0
2834,103,0,0
2835,103,0,0
2836,103,0,0
2837,103,0,0
2838,103,0,0
2839,103,0,0
2840,103,0,0
2841,104,0,0
2842,103,0,0
2843,103,0,0
2844,103,0,0
2845,103,0,0
2846,103,0,0
2847,103,0,-1
2848,103,0,-1
2849,103,0,-1
2850,103,0,-1
2851,103,0,-1
2852,103,0,-1
2853,103,0,-2
2854,102,0,-2
2855,102,0,-2
2856,103,0,-2
2857,102,0,-2
2858,103,0,-2
2859,103,0,-2
2860,103,0,-2
2861,103,0,-2
2862,102,0,-2
2863,102,0,-2
2864,103,0,-2
2865,103,0,-2
2866,102,0,-3
2867,103,0,-3
2868,103,0,-3
2869,104,0,-3
2870,103,0,-3
2871,103,0,-2
2872,103,0,-2
2873,103,0,-2
2874,103,0,-2
2875,103,0,-2
2876,104,0,-2
2877,103,0,-2
2878,104,0,-2
2879,103,0,-1
2880,103,0,-1
2881,104,0,-1
2882,103,0,-1
2883,103,0,-1
2884,104,0,-1
2885,104,0,0
2886,104,0,0
2887,104,0,0
2888,104,0,0
2889,105,0,0
2890,105,0,1
2891,105,0,1
2892,105,0,1
2893,105,0,1
2894,105,0,1
2895,105,0,1
2896,104,0,1
2897,105,0,1
2898,104,0,1
2899,105,0,1
2900,105,0,0
2901,104,0,0
2902,105,0,0
2903,104,0,0
2904,105,0,0
2905,104,0,0
2906,104,0,0
2907,105,0,-1
2908,104,0,-1
2909,104,0,-1
2910,104,0,-1
2911,104,0,-1
2912,104,0,-1
2913,104,0,-1
2914,104,0,-1
2915,104,0,-1
2916,104,0,-1
2917,104,0,-1
2918,103,0,-1
2919,104,0,-1
2920,104,0,-1
2921,104,0,-1
2922,104,0,-1
2923,105,0,-1
2924,104,0,-1
2925,104,0,-1
2926,105,0,-1
2927,104,0,-1
2928,104,0,-1
2929,104,0,-1
2930,104,0,-1
2931,104,0,-1
2932,104,0,-1
2933,105,0,-1
2934,104,0,-1
2935,104,0,-1
2936,104,0,-1
2937,104,0,-1
2938,105,0,-1
2939,104,0,-1
2940,104,0,-1
2941,104,0,-1
2942,105,0,-1
2943,104,0,-1
2944,104,0,-2
2945,104,0,-2
2946,104,0,-2
2947,104,0,-2
2948,104,0,-2
2949,104,0,-2
2950,104,0,-2
2951,104,0,-2
2952,104,0,-2
2953,104,0,-2
2954,104,0,-3
2955,104,0,-3
2956,104,0,-3
2957,104,0,-3
2958,104,0,-3
2959,104,0,-3
2960,104,0,-3
2961,103,0,-3
2962,105,0,-3
2963,104,0,-3
2964,104,0,-3
2965,104,0,-3
2966,104,0,-3
2967,104,0,-3
2968,105,0,-3
2969,104,0,-3
2970,105,0,-3
2971,104,0,-3
2972,104,0,-3
2973,104,0,-3
2974,104,0,-3
2975,104,0,-3
2976,104,0,-3
2977,104,0,-3
2978,104,0,-3
2979,104,0,-3
2980,104,0,-3
2981,104,0,-3
2982,105,0,-3
2983,104,0,-2
2984,105,0,-2
2985,104,0,-2
2986,104,0,-2
2987,104,0,-2
2988,105,0,-2
2989,105,0,-2
2990,105,0,-2
2991,105,0,-2
2992,105,0,-1
2993,105,0,-1
2994,105,0,-1
2995,105,0,-1
2996,105,0,-1
2997,105,0,-1
2998,105,0,-1
2999,105,0,0
3000,105,0,0
3001,105,0,0
3002,105,0,0
3003,105,0,0
3004,105,0,0
3005,105,0,0
3006,105,0,0
3007,105,0,0
3008,105,0,0
3009,105,0,0
3010,105,0,0
3011,105,0,-1
3012,105,0,-1
3013,104,0,-1
3014,104,0,-1
3015,105,0,-1
3016,104,0,-1
3017,104,0,-2
3018,104,0,-2
3019,104,0,-2
3020,104,0,-2
3021,105,0,-2
3022,105,0,-2
3023,104,0,-2
3024,104,0,-2
3025,104,0,-2
3026,105,0,-2
3027,104,0,-2
3028,105,0,-2
3029,103,0,-2
3030,103,0,-2
3031,103,0,-2
3032,104,0,-2
3033,103,0,-2
3034,104,0,-2
3035,103,0,-2
3036,104,0,-2
3037,104,0,-2
3038,104,0,-1
3039,104,0,-1
3040,104,0,-1
3041,104,0,-1
3042,104,0,-1
3043,103,0,-1
3044,104,0,-1
3045,104,0,-1
3046,104,0,-1
3047,104,0,-1
3048,104,0,-1
3049,104,0,-1
3050,104,0,-1
3051,104,0,-1
3052,104,0,-1
3053,103,0,-1
3054,103,0,-1
3055,104,0,-1
3056,104,0,-1
3057,104,0,-1
3058,103,0,-1
3059,103,0,-1
3060,103,0,-1
3061,104,0,-1
3062,103,0,-1
3063,104,0,-2
3064,103,0,-2
3065,104,0,-2
3066,104,0,-2
3067,104,0,-2
3068,104,0,-2
3069,104,0,-2
3070,103,0,-2
3071,103,0,-2
3072,104,0,-2
3073,103,0,-2
3074,104,0,-2
3075,104,0,-2
3076,104,0,-2
3077,104,0,-2
3078,104,0,-2
3079,104,0,-2
3080,103,0,-1
3081,104,0,-1
3082,104,0,-1
3083,104,0,-1
3084,104,0,-1
3085,104,0,-1
3086,104,0,-1
3087,104,0,-1
3088,104,0,-1
3089,104,0,0
3090,105,0,0
3091,105,0,0
3092,104,0,0
3093,105,0,0
3094,104,0,0
3095,105,0,0
3096,105,0,0
3097,104,0,0
3098,104,0,0
3099,104,0,0
3100,104,0,0
3101,104,0,0
3102,104,0,0
3103,104,0,0
3104,104,0,0
3105,104,0,0
3106,104,0,0
3107,104,0,-1
3108,103,0,-1
3109,103,0,-1
3110,104,0,-1
3111,104,0,-1
3112,104,0,-1
3113,103,0,-1
3114,104,0,-1
3115,103,0,-1
3116,104,0,-2
3117,104,0,-2
3118,104,0,-2
3119,104,0,-1
3120,104,0,-1
3121,104,0,-1
3122,104,0,-1
3123,103,0,-1
3124,103,0,-1
3125,104,0,-1
3126,104,0,-1
3127,104,0,-1
3128,103,0,-1
3129,103,0,-1
3130,103,0,-1
3131,102,0,-1
3132,101,0,-1
3133,103,0,-1
3134,102,0,-1
3135,103,0,-1
3136,102,0,-1
3137,102,0,-1
3138,103,0,-1
3139,105,0,-1
3140,105,0,-1
3141,104,0,-1
3142,105,0,-1
3143,105,0,-1
3144,104,0,-1
3145,104,0,-1
3146,105,0,-1
3147,105,0,-1
3148,105,0,-1
3149,105,0,-1
3150,105,0,-1
3151,105,0,-1
3152,105,0,-1
3153,105,0,-1
3154,105,0,0
3155,105,0,0
3156,105,0,0
3157,105,0,0
3158,105,0,0
3159,104,0,0
3160,104,0,0
3161,103,0,0
3162,104,0,-1
3163,103,0,-1
3164,104,0,-1
3165,105,0,-1
3166,105,0,-1
3167,105,0,-1
3168,105,0,-1
3169,104,0,-1
3170,104,0,-1
3171,104,0,-1
3172,104,0,-1
3173,104,0,-1
3174,104,0,-1
3175,105,0,-2
3176,104,0,-2
3177,105,0,-2
3178,104,0,-2
3179,103,0,-2
3180,104,0,-2
3181,104,0,-2
3182,104,0,-2
3183,104,0,-2
3184,104,0,-2
3185,104,0,-2
3186,103,0,-2
3187,104,0,-2
3188,103,0,-2
3189,104,0,-2
3190,104,0,-2
3191,104,0,-2
3192,104,0,-2
3193,105,0,-2
3194,105,0,-2
3195,105,0,-2
3196,104,0,-2
3197,105,0,-2
3198,104,0,-2
3199,105,0,-1
3200,106,0,-1
3201,105,0,-1
3202,105,0,-1
3203,105,0,-1
3204,104,0,-1
3205,105,0,-1
3206,105,0,-1
3207,105,0,-1
3208,105,0,-1
3209,105,0,-1
3210,105,0,-1
3211,105,0,-1
3212,105,0,-1
3213,105,0,-1
3214,106,0,-1
3215,105,0,-1
3216,105,0,-1
3217,105,0,-1
3218,105,0,-1
3219,106,0,-1
3220,105,0,-1
3221,105,0,-1
3222,105,0,-1
3223,107,0,-2
3224,105,0,-2
3225,104,0,-2
3226,104,0,-2
3227,105,0,-2
3228,105,0,-2
3229,104,0,-2
3230,104,0,-2
3231,108,0,-2
3232,104,0,-2
3233,104,0,-2
3234,104,0,-2
3235,102,0,-2
3236,104,0,-2
3237,105,0,-2
3238,105,0,-3
3239,105,0,-3
3240,105,0,-3
3241,104,0,-3
3242,105,0,-3
3243,104,0,-3
3244,104,0,-3
3245,103,0,-3
3246,104,0,-3
3247,104,0,-3
3248,103,0,-3
3249,105,0,-3
3250,105,0,-3
3251,105,0,-3
3252,105,0,-3
3253,104,0,-3
3254,104,0,-3
3255,105,0,-3
3256,105,0,-3
3257,105,0,-3
3258,105,0,-3
3259,105,0,-3
3260,106,0,-3
3261,106,0,-2
3262,105,0,-2
3263,106,0,-2
3264,105,0,-2
3265,105,0,-2
3266,105,0,-2
3267,105,0,-2
3268,105,0,-2
3269,105,0,-2
3270,104,0,-2
3271,104,0,-2
3272,105,0,-2
3273,104,0,-2
3274,104,0,-2
3275,104,0,-2
3276,105,0,-2
3277,104,0,-2
3278,104,0,-3
3279,103,0,-3
3280,103,0,-3
3281,104,0,-3
3282,103,0,-3
3283,103,0,-3
3284,103,0,-3
3285,104,0,-3
3286,103,0,-3
3287,103,0,-3
3288,104,0,-2
3289,103,0,-2
3290,103,0,-2
3291,104,0,-2
3292,104,0,-2
3293,103,0,-2
3294,104,0,-2
3295,104,0,-2
3296,103,0,-2
3297,103,0,-1
3298,103,0,-1
3299,102,0,-1
3300,103,0,-1
3301,102,0,-1
3302,103,0,-1
3303,104,0,-1
3304,104,0,-1
3305,104,0,0
3306,104,0,0
3307,104,0,0
3308,104,0,0
3309,103,0,0
3310,104,0,0
3311,104,0,-1
3312,104,0,-1
3313,104,0,-1
3314,103,0,-1
3315,102,0,-1
3316,103,0,-2
3317,103,0,-2
3318,102,0,-2
3319,102,0,-3
3320,102,0,-3
3321,102,0,-3
3322,102,0,-3
3323,102,0,-3
3324,102,0,-4
3325,102,0,-4
3326,102,0,-4
3327,102,0,-4
3328,102,0,-4
3329,102,0,-4
3330,102,0,-4
3331,103,0,-4
3332,103,0,-4
3333,103,0,-4
3334,102,0,-3
3335,102,0,-3
3336,102,0,-3
3337,102,0,-3
3338,102,0,-3
3339,102,0,-3
3340,102,0,-2
3341,103,0,-2
3342,103,0,-2
3343,102,0,-2
3344,102,0,-2
3345,102,0,-1
3346,102,0,-1
3347,102,0,-1
3348,102,0,-1
3349,103,0,-1
3350,104,0,-1
3351,103,0,0
3352,104,0,0
3353,104,0,-1
3354,104,0,-1
3355,103,0,-1
3356,103,0,-1
3357,104,0,-1
3358,104,0,-1
3359,104,0,-1
3360,104,0,-1
3361,104,0,-1
3362,104,0,-2
3363,104,0,-2
3364,103,0,-2
3365,103,0,-2
3366,104,0,-2
3367,104,0,-2
3368,103,0,-2
3369,103,0,-2
3370,102,0,-2
3371,104,0,-2
3372,104,0,-2
3373,104,0,-2
3374,104,0,-2
3375,103,0,-2
3376,103,0,-2
3377,104,0,-2
3378,104,0,-2
3379,103,0,-2
3380,104,0,-2
3381,104,0,-2
3382,104,0,-2
3383,104,0,-2
3384,104,0,-2
3385,103,0,-2
3386,103,0,-2
3387,104,0,-2
3388,104,0,-2
3389,103,0,-1
3390,103,0,-1
3391,104,0,-1
3392,103,0,-1
3393,106,0,-1
3394,105,0,-1
3395,103,0,-1
3396,101,0,-1
3397,102,0,-1
3398,103,0,-1
3399,104,0,-1
3400,103,0,-1
3401,104,0,-1
3402,104,0,-1
3403,104,0,-1
3404,104,0,-1
3405,106,0,0
3406,105,0,-1
3407,105,0,-1
3408,105,0,-1
3409,105,0,-1
3410,105,0,-1
3411,102,0,-1
3412,103,0,-1
3413,103,0,-1
3414,103,0,-1
3415,103,0,-1
3416,104,0,-2
3417,103,0,-2
3418,103,0,-2
3419,103,0,-2
3420,104,0,-2
3421,103,0,-2
3422,103,0,-2
3423,104,0,-3
3424,104,0,-3
3425,105,0,-3
3426,105,0,-3
3427,105,0,-3
3428,105,0,-3
3429,105,0,-3
3430,105,0,-3
3431,105,0,-3
3432,105,0,-3
3433,104,0,-3
3434,105,0,-3
3435,105,0,-3
3436,105,0,-3
3437,105,0,-3
3438,105,0,-3
3439,105,0,-3
3440,105,0,-3
3441,105,0,-3
3442,105,0,-2
3443,105,0,-2
3444,105,0,-2
3445,104,0,-2
3446,105,0,-2
3447,105,0,-2
3448,104,0,-2
3449,105,0,-2
3450,105,0,-1
3451,105,0,-1
3452,106,0,-1
3453,106,0,-1
3454,106,0,-1
3455,106,0,-1
3456,106,0,-1
3457,106,0,-1
3458,105,0,-1
3459,105,0,-1
3460,106,0,-1
3461,106,0,-1
3462,106,0,-1
3463,105,0,-1
3464,105,0,-1
3465,105,0,-1
3466,105,0,-1
3467,105,0,-1
3468,106,0,-1
3469,105,0,-1
3470,106,0,-1
3471,105,0,-1
3472,106,0,-1
3473,105,0,-1
3474,105,0,-1
3475,105,0,-1
3476,105,0,-1
3477,105,0,-1
3478,105,0,-1
3479,104,0,-1
3480,106,0,-1
3481,104,0,-1
3482,104,0,-1
3483,105,0,-1
3484,105,0,-1
3485,106,0,-1
3486,104,0,-1
3487,105,0,-1
3488,105,0,-1
3489,106,0,-1
3490,106,0,-1
3491,106,0,-1
3492,106,0,-1
3493,106,0,-1
3494,106,0,-1
3495,106,0,-1
3496,106,0,-1
3497,107,0,-1
3498,106,0,-1
3499,106,0,-1
3500,105,0,-1
3501,105,0,-1
3502,105,0,-1
3503,106,0,-1
3504,105,0,-1
3505,105,0,-1
3506,105,0,-1
3507,105,0,-1
3508,105,0,-1
3509,105,0,-1
3510,105,0,-1
3511,106,0,-1
3512,105,0,-1
3513,105,0,-1
3514,105,0,-2
3515,105,0,-2
3516,105,0,-2
3517,105,0,-2
3518,105,0,-2
3519,105,0,-2
3520,105,0,-2
3521,105,0,-2
3522,105,0,-2
3523,105,0,-2
3524,105,0,-2
3525,105,0,-2
3526,105,0,-2
3527,105,0,-2
3528,105,0,-2
3529,104,0,-2
3530,104,0,-2
3531,104,0,-2
3532,104,0,-2
3533,104,0,-2
3534,104,0,-2
3535,104,0,-2
3536,104,0,-2
3537,104,0,-2
3538,104,0,-2
3539,104,0,-2
3540,104,0,-2
3541,104,0,-2
3542,104,0,-2
3543,104,0,-2
3544,104,0,-1
3545,105,0,-1
3546,104,0,-1
3547,104,0,-1
3548,105,0,-1
3549,104,0,0
3550,105,0,0
3551,105,0,0
3552,104,0,0
3553,105,0,0
3554,105,0,0
3555,104,0,0
3556,105,0,0
3557,105,0,0
3558,105,0,0
3559,104,0,0
3560,105,0,0
3561,105,0,0
3562,105,0,0
3563,105,0,0
3564,105,0,0
3565,104,0,0
3566,105,0,0
3567,105,0,0
3568,105,0,0
3569,104,0,0
3570,104,0,0
3571,104,0,0
3572,105,0,0
3573,104,0,0
3574,104,0,0
3575,105,0,0
3576,105,0,0
3577,104,0,0
3578,104,0,0
3579,104,0,0
3580,107,0,0
3581,105,0,0
3582,105,0,0
3583,105,0,0
3584,105,0,0
3585,104,0,0
3586,104,0,0
3587,104,0,0
3588,104,0,0
3589,104,0,0
3590,105,0,0
3591,105,0,0
3592,105,0,0
3593,104,0,0
3594,105,0,0
3595,105,0,1
3596,104,0,1
3597,104,0,1
3598,105,0,1
3599,104,0,1
3600,105,0,1
3601,104,0,1
3602,104,0,1
3603,104,0,0
3604,104,0,0
3605,103,0,0
3606,104,0,0
3607,104,0,0
3608,104,0,-1
3609,104,0,-1
3610,104,0,-1
3611,103,0,-2
3612,103,0,-2
3613,103,0,-2
3614,103,0,-2
3615,103,0,-3
3616,102,0,-3
3617,103,0,-3
3618,103,0,-3
3619,103,0,-3
3620,103,0,-3
3621,103,0,-3
3622,103,0,-3
3623,103,0,-3
3624,103,0,-3
3625,103,0,-3
3626,103,0,-3
3627,103,0,-3
3628,103,0,-3
3629,103,0,-3
3630,103,0,-3
3631,104,0,-2
3632,104,0,-2
3633,104,0,-2
3634,103,0,-2
3635,104,0,-2
3636,104,0,-2
3637,104,0,-1
3638,104,0,-1
3639,104,0,-1
3640,104,0,-1
3641,104,0,-1
3642,104,0,0
3643,104,0,0
3644,104,0,0
3645,104,0,0
3646,104,0,0
3647,104,0,0
3648,104,0,0
3649,105,0,0
3650,104,0,0
3651,104,0,0
3652,105,0,0
3653,104,0,0
3654,104,0,0
3655,104,0,0
3656,104,0,0
3657,104,0,0
3658,104,0,0
3659,105,0,0
3660,104,0,0
3661,105,0,0
3662,104,0,0
3663,104,0,0
3664,104,0,0
3665,104,0,0
3666,104,0,0
3667,104,0,0
3668,104,0,0
3669,104,0,-1
3670,104,0,-1
3671,103,0,-1
3672,104,0,-1
3673,104,0,-1
3674,104,0,-1
3675,104,0,-1
3676,103,0,-1
3677,103,0,-2
3678,103,0,-2
3679,104,0,-2
3680,103,0,-2
3681,103,0,-2
3682,104,0,-2
3683,103,0,-2
3684,104,0,-2
3685,103,0,-2
3686,104,0,-2
3687,104,0,-2
3688,104,0,-3
3689,104,0,-3
3690,104,0,-3
3691,103,0,-3
3692,103,0,-3
3693,103,0,-3
3694,104,0,-2
3695,103,0,-2
3696,103,0,-2
3697,104,0,-2
3698,104,0,-2
3699,104,0,-2
3700,104,0,-2
3701,104,0,-1
3702,104,0,-1
3703,104,0,-1
3704,104,0,-1
3705,104,0,-1
3706,105,0,0
3707,104,0,0
3708,104,0,0
3709,105,0,0
3710,104,0,0
3711,104,0,1
3712,104,0,1
3713,105,0,1
3714,104,0,1
3715,105,0,1
3716,105,0,1
3717,105,0,1
3718,104,0,1
3719,105,0,1
3720,104,0,0
3721,104,0,0
3722,104,0,0
3723,104,0,0
3724,104,0,-1
3725,104,0,-1
3726,104,0,-1
3727,103,0,-1
3728,104,0,-2
3729,104,0,-2
3730,103,0,-2
3731,103,0,-2
3732,103,0,-2
3733,103,0,-2
3734,103,0,-3
3735,104,0,-3
3736,103,0,-3
3737,103,0,-3
3738,104,0,-3
3739,104,0,-3
3740,103,0,-3
3741,103,0,-3
3742,103,0,-3
3743,104,0,-3
3744,104,0,-3
3745,104,0,-3
3746,104,0,-3
3747,104,0,-3
3748,105,0,-3
3749,104,0,-3
3750,104,0,-2
3751,105,0,-2
3752,105,0,-2
3753,105,0,-1
3754,105,0,-1
3755,105,0,-1
3756,105,0,-1
3757,105,0,0
3758,106,0,0
3759,105,0,0
3760,105,0,0
3761,106,0,1
3762,105,0,1
3763,105,0,1
3764,106,0,1
3765,106,0,1
3766,105,0,1
3767,106,0,1
3768,105,0,1
3769,105,0,1
3770,106,0,1
3771,106,0,1
3772,105,0,1
3773,105,0,1
3774,105,0,1
3775,105,0,1
3776,105,0,0
3777,104,0,0
3778,104,0,0
3779,103,0,0
3780,103,0,-1
3781,103,0,-1
3782,103,0,-1
3783,103,0,-2
3784,103,0,-2
3785,103,0,-2
3786,103,0,-2
3787,103,0,-2
3788,102,0,-3
3789,102,0,-3
3790,103,0,-3
3791,103,0,-3
3792,103,0,-3
3793,102,0,-3
3794,103,0,-3
3795,103,0,-3
3796,103,0,-3
3797,103,0,-3
3798,103,0,-2
3799,104,0,-2
3800,104,0,-2
3801,104,0,-2
3802,104,0,-2
3803,104,0,-2
3804,104,0,-2
3805,104,0,-1
3806,104,0,-1
3807,104,0,-1
3808,105,0,-1
3809,105,0,-1
3810,105,0,-1
3811,105,0,-1
3812,104,0,0
3813,105,0,0
3814,105,0,0
3815,105,0,0
3816,105,0,0
3817,105,0,0
3818,105,0,0
3819,104,0,0
3820,105,0,0
3821,105,0,0
3822,105,0,0
3823,105,0,0
3824,105,0,0
3825,104,0,0
3826,105,0,0
3827,104,0,0
3828,104,0,-1
3829,105,0,-1
3830,104,0,-1
3831,104,0,-1
3832,105,0,-1
3833,104,0,-1
3834,105,0,-1
3835,103,0,-1
3836,104,0,-1
3837,104,0,-1
3838,104,0,-1
3839,104,0,-1
3840,104,0,-2
3841,104,0,-2
3842,105,0,-2
3843,104,0,-2
3844,104,0,-2
3845,105,0,-2
3846,104,0,-2
3847,104,0,-2
3848,105,0,-2
3849,105,0,-2
3850,104,0,-2
3851,105,0,-2
3852,105,0,-1
3853,105,0,-1
3854,105,0,-1
3855,105,0,-1
3856,105,0,-1
3857,105,0,0
3858,105,0,0
3859,105,0,0
3860,105,0,0
3861,105,0,0
3862,107,0,1
3863,106,0,1
3864,107,0,1
3865,105,0,1
3866,106,0,1
3867,106,0,1
3868,106,0,1
3869,105,0,1
3870,106,0,1
3871,106,0,1
3872,105,0,1
3873,106,0,1
3874,105,0,1
3875,105,0,1
3876,105,0,1
3877,105,0,1
3878,105,0,1
3879,104,0,0
3880,104,0,0
3881,104,0,0
3882,104,0,0
3883,104,0,0
3884,105,0,0
3885,104,0,-1
3886,104,0,-1
3887,105,0,-1
3888,104,0,-1
3889,104,0,-1
3890,104,0,-1
3891,104,0,-1
3892,104,0,-1
3893,104,0,-1
3894,104,0,-2
3895,104,0,-2
3896,103,0,-2
3897,104,0,-2
3898,104,0,-2
3899,104,0,-2
3900,104,0,-2
3901,104,0,-2
3902,104,0,-3
3903,104,0,-3
3904,103,0,-3
3905,103,0,-3
3906,103,0,-3
3907,104,0,-3
3908,104,0,-3
3909,103,0,-3
3910,103,0,-3
3911,103,0,-2
3912,103,0,-2
3913,104,0,-2
3914,104,0,-2
3915,104,0,-2
3916,104,0,-1
3917,104,0,-1
3918,104,0,-1
3919,104,0,-1
3920,104,0,-1
3921,104,0,-1
3922,105,0,-1
3923,104,0,-1
3924,104,0,-1
3925,104,0,-1
3926,104,0,-1
3927,104,0,-2
3928,104,0,-2
3929,103,0,-2
3930,103,0,-2
3931,103,0,-3
3932,103,0,-3
3933,103,0,-3
3934,103,0,-3
3935,103,0,-3
3936,103,0,-3
3937,104,0,-4
3938,105,0,-4
3939,105,0,-4
3940,105,0,-3
3941,105,0,-3
3942,106,0,-3
3943,105,0,-3
3944,105,0,-2
3945,104,0,-2
3946,105,0,-1
3947,105,0,-1
3948,105,0,-1
3949,105,0,0
3950,106,0,0
3951,107,0,1
3952,106,0,1
3953,106,0,2
3954,107,0,2
3955,106,0,2
3956,106,0,2
3957,107,0,3
3958,107,0,3
3959,107,0,3
3960,107,0,3
3961,107,0,3
3962,107,0,3
3963,107,0,3
3964,107,0,3
3965,107,0,2
3966,106,0,2
3967,105,0,2
3968,106,0,2
3969,105,0,2
3970,105,0,2
3971,105,0,1
3972,105,0,1
3973,104,0,1
3974,105,0,1
3975,105,0,0
3976,104,0,0
3977,104,0,0
3978,105,0,-1
3979,104,0,-1
3980,104,0,-1
3981,104,0,-1
3982,104,0,-2
3983,104,0,-2
3984,104,0,-2
3985,104,0,-2
3986,104,0,-3
3987,105,0,-3
3988,103,0,-3
3989,104,0,-3
3990,104,0,-3
3991,104,0,-3
3992,104,0,-3
3993,104,0,-3
3994,104,0,-3
3995,104,0,-3
3996,104,0,-3
3997,103,0,-3
3998,103,0,-3
3999,103,0,-3
4000,104,0,-3
4001,104,0,-3
4002,104,0,-3
4003,104,0,-3
4004,104,0,-2
4005,105,0,-2
4006,104,0,-2
4007,105,0,-2
4008,105,0,-1
4009,105,0,-1
4010,106,0,-1
4011,105,0,0
4012,105,0,0
4013,106,0,0
4014,106,0,0
4015,106,0,1
4016,105,0,1
4017,106,0,1
4018,106,0,1
4019,105,0,1
4020,106,0,1
4021,106,0,1
4022,104,0,1
4023,106,0,1
4024,105,0,1
4025,106,0,1
4026,105,0,0
4027,105,0,0
4028,105,0,0
4029,104,0,0
4030,105,0,0
4031,106,0,0
4032,104,0,0
4033,105,0,-1
4034,104,0,-1
4035,104,0,-1
4036,104,0,-1
4037,104,0,-1
4038,104,0,-1
4039,103,0,-1
4040,103,0,-2
4041,103,0,-2
4042,103,0,-2
4043,103,0,-2
4044,103,0,-2
4045,103,0,-2
4046,103,0,-2
4047,103,0,-2
4048,103,0,-2
4049,103,0,-2
4050,103,0,-2
4051,104,0,-2
4052,104,0,-1
4053,103,0,-1
4054,104,0,-1
4055,104,0,-1
4056,104,0,-1
4057,103,0,-1
4058,104,0,-1
4059,104,0,0
4060,104,0,0
4061,104,0,0
4062,104,0,0
4063,104,0,0
4064,105,0,0
4065,105,0,1
4066,105,0,1
4067,104,0,1
4068,104,0,1
4069,104,0,1
4070,104,0,1
4071,104,0,1
4072,104,0,0
4073,103,0,0
4074,103,0,0
4075,104,0,0
4076,103,0,0
4077,103,0,-1
4078,103,0,-1
4079,103,0,-1
4080,103,0,-2
4081,103,0,-2
4082,103,0,-2
4083,103,0,-3
4084,103,0,-3
4085,102,0,-3
4086,103,0,-3
4087,102,0,-3
4088,102,0,-3
4089,102,0,-4
4090,102,0,-4
4091,103,0,-4
4092,102,0,-4
4093,102,0,-4
4094,103,0,-4
4095,102,0,-4
4096,102,0,-4
4097,103,0,-4
4098,102,0,-4
4099,103,0,-4
4100,102,0,-4
4101,103,0,-4
4102,103,0,-3
4103,103,0,-3
4104,103,0,-3
4105,103,0,-3
4106,103,0,-2
4107,104,0,-2
4108,104,0,-2
4109,103,0,-2
4110,104,0,-1
4111,104,0,-1
4112,103,0,-1
4113,103,0,-1
4114,104,0,-1
4115,104,0,-1
4116,104,0,0
4117,105,0,0
4118,104,0,0
4119,104,0,0
4120,105,0,0
4121,103,0,0
4122,104,0,0
4123,104,0,0
4124,104,0,0
4125,104,0,0
4126,104,0,0
4127,104,0,0
4128,104,0,0
4129,104,0,0
4130,104,0,0
4131,103,0,0
4132,103,0,0
4133,104,0,0
4134,103,0,-1
4135,103,0,-1
4136,104,0,-1
4137,103,0,-1
4138,103,0,-1
4139,103,0,-2
4140,103,0,-2
4141,103,0,-2
4142,103,0,-2
4143,103,0,-2
4144,103,0,-2
4145,103,0,-2
4146,103,0,-2
4147,103,0,-2
4148,103,0,-2
4149,102,0,-2
4150,103,0,-2
4151,103,0,-2
4152,102,0,-2
4153,103,0,-2
4154,103,0,-2
4155,103,0,-2
4156,103,0,-2
4157,102,0,-2
4158,103,0,-2
4159,103,0,-2
4160,103,0,-2
4161,103,0,-3
4162,103,0,-3
4163,102,0,-3
4164,103,0,-3
4165,103,0,-3
4166,103,0,-3
4167,103,0,-3
4168,103,0,-3
4169,103,0,-3
4170,103,0,-3
4171,103,0,-2
4172,103,0,-2
4173,103,0,-2
4174,103,0,-2
4175,103,0,-2
4176,103,0,-2
4177,103,0,-2
4178,104,0,-2
4179,103,0,-1
4180,103,0,-2
4181,101,0,-2
4182,101,0,-2
4183,101,0,-1
4184,102,0,-1
4185,102,0,-1
4186,101,0,-1
4187,101,0,-1
4188,103,0,-1
4189,101,0,-1
4190,102,0,-1
4191,103,0,-1
4192,101,0,-2
4193,101,0,-2
4194,103,0,-2
4195,103,0,-2
4196,103,0,-2
4197,99,0,-2
4198,101,0,-2
4199,100,0,-2
4200,101,0,-2
4201,101,0,-2
4202,101,0,-2
4203,106,0,-2
4204,102,0,-2
4205,102,0,-2
4206,101,0,-2
4207,100,0,-2
4208,100,0,-2
4209,102,0,-3
4210,101,0,-3
4211,102,0,-3
4212,101,0,-3
4213,101,0,-3
4214,101,0,-3
4215,101,0,-3
4216,101,0,-3
4217,101,0,-3
4218,101,0,-3
4219,101,0,-2
4220,101,0,-2
4221,101,0,-2
4222,102,0,-2
4223,101,0,-1
4224,102,0,-1
4225,103,0,-1
4226,103,0,-1
4227,103,0,0
4228,104,0,0
4229,105,0,0
4230,105,0,0
4231,104,0,0
4232,105,0,0
4233,105,0,0
4234,104,0,0
4235,104,0,0
4236,104,0,0
4237,105,0,0
4238,105,0,0
4239,104,0,0
4240,104,0,-1
4241,104,0,-1
4242,104,0,-1
4243,102,0,-1
4244,103,0,-1
4245,102,0,-1
4246,103,0,-1
4247,104,0,-1
4248,102,0,-1
4249,103,0,-1
4250,102,0,-2
4251,102,0,-2
4252,103,0,-2
4253,103,0,-1
4254,103,0,-1
4255,102,0,-1
4256,102,0,-1
4257,103,0,-1
4258,102,0,-1
4259,102,0,-2
4260,103,0,-2
4261,102,0,-2
4262,102,0,-2
4263,104,0,-2
4264,104,0,-3
4265,103,0,-3
4266,104,0,-3
4267,104,0,-3
4268,104,0,-3
4269,104,0,-4
4270,103,0,-4
4271,103,0,-4
4272,103,0,-4
4273,103,0,-4
4274,103,0,-4
4275,104,0,-4
4276,104,0,-3
4277,104,0,-3
4278,102,0,-3
4279,103,0,-3
4280,102,0,-3
4281,102,0,-3
4282,103,0,-3
4283,103,0,-2
4284,103,0,-2
4285,103,0,-2
4286,103,0,-1
4287,103,0,-1
4288,103,0,-1
4289,104,0,0
4290,105,0,0
4291,106,0,0
4292,106,0,1
4293,105,0,1
4294,105,0,1
4295,105,0,1
4296,106,0,1
4297,106,0,2
4298,106,0,2
4299,105,0,2
4300,105,0,2
4301,105,0,2
4302,105,0,2
4303,105,0,2
4304,105,0,2
4305,105,0,2
4306,105,0,1
4307,106,0,1
4308,105,0,1
4309,105,0,1
4310,104,0,1
4311,104,0,1
4312,103,0,1
4313,103,0,0
4314,102,0,0
4315,103,0,0
4316,103,0,0
4317,102,0,-1
4318,104,0,-1
4319,103,0,-1
4320,103,0,-1
4321,103,0,-1
4322,102,0,-1
4323,103,0,-1
4324,103,0,-1
4325,103,0,-1
4326,103,0,-1
4327,103,0,-2
4328,102,0,-2
4329,103,0,-2
4330,102,0,-2
4331,103,0,-2
4332,105,0,-2
4333,104,0,-2
4334,103,0,-2
4335,104,0,-2
4336,103,0,-2
4337,104,0,-2
4338,105,0,-2
4339,103,0,-2
4340,103,0,-2
4341,103,0,-2
4342,103,0,-2
4343,104,0,-2
4344,103,0,-2
4345,104,0,-2
4346,104,0,-1
4347,103,0,-1
4348,104,0,-1
4349,104,0,-1
4350,103,0,-1
4351,103,0,-1
4352,103,0,-1
4353,104,0,-1
4354,104,0,-1
4355,103,0,-1
4356,103,0,-1
4357,103,0,-1
4358,103,0,-1
4359,101,0,-1
4360,102,0,-1
4361,101,0,-1
4362,102,0,-1
4363,101,0,-1
4364,102,0,-1
4365,101,0,-1
4366,102,0,-1
4367,103,0,-2
4368,103,0,-2
4369,101,0,-2
4370,101,0,-2
4371,101,0,-2
4372,101,0,-2
4373,102,0,-2
4374,101,0,-2
4375,101,0,-2
4376,104,0,-2
4377,105,0,-2
4378,104,0,-2
4379,104,0,-2
4380,105,0,-2
4381,104,0,-2
4382,104,0,-2
4383,103,0,-2
4384,102,0,-2
4385,104,0,-2
4386,104,0,-2
4387,103,0,-2
4388,104,0,-2
4389,106,0,-1
4390,106,0,-1
4391,106,0,-1
4392,105,0,-1
4393,104,0,-1
4394,104,0,-1
4395,105,0,-1
4396,105,0,-1
4397,105,0,-1
4398,103,0,-1
4399,105,0,-1
4400,104,0,-1
4401,105,0,-1
4402,105,0,-1
4403,106,0,-2
4404,105,0,-2
4405,105,0,-2
4406,105,0,-2
4407,104,0,-3
4408,104,0,-3
4409,105,0,-3
4410,104,0,-3
4411,105,0,-4
4412,105,0,-4
4413,105,0,-4
4414,105,0,-4
4415,105,0,-4
4416,104,0,-4
4417,105,0,-4
4418,105,0,-4
4419,105,0,-4
4420,105,0,-4
4421,105,0,-4
4422,105,0,-4
4423,105,0,-4
4424,105,0,-4
4425,105,0,-4
4426,105,0,-4
4427,105,0,-4
4428,105,0,-4
4429,105,0,-4
4430,105,0,-4
4431,105,0,-4
4432,106,0,-3
4433,105,0,-3
4434,105,0,-3
4435,106,0,-3
4436,106,0,-2
4437,106,0,-2
4438,106,0,-2
4439,106,0,-2
4440,106,0,-1
4441,107,0,-1
4442,107,0,-1
4443,107,0,0
4444,107,0,0
4445,107,0,0
4446,107,0,1
4447,107,0,1
4448,108,0,1
4449,107,0,1
4450,108,0,1
4451,108,0,1
4452,108,0,2
4453,107,0,2
4454,107,0,2
4455,108,0,2
4456,108,0,2
4457,107,0,1
4458,106,0,1
4459,107,0,1
4460,106,0,1
4461,107,0,1
4462,106,0,0
4463,106,0,0
4464,106,0,0
4465,107,0,-1
4466,105,0,-1
4467,106,0,-1
4468,105,0,-2
4469,105,0,-2
4470,105,0,-2
4471,105,0,-2
4472,106,0,-2
4473,105,0,-3
4474,106,0,-3
4475,105,0,-3
4476,106,0,-3
4477,105,0,-3
4478,105,0,-3
4479,104,0,-3
4480,104,0,-3
4481,104,0,-3
4482,104,0,-3
4483,104,0,-3
4484,104,0,-2
4485,104,0,-2
4486,104,0,-2
4487,105,0,-2
4488,105,0,-2
4489,105,0,-1
4490,105,0,-1
4491,105,0,-1
4492,105,0,-1
4493,105,0,-1
4494,105,0,0
4495,106,0,0
4496,105,0,0
4497,105,0,0
4498,105,0,0
4499,106,0,0
4500,105,0,0
4501,106,0,0
4502,105,0,0
4503,105,0,0
4504,105,0,0
4505,106,0,0
4506,105,0,0
4507,104,0,0
4508,104,0,0
4509,105,0,0
4510,104,0,0
4511,105,0,-1
4512,104,0,-1
4513,104,0,-1
4514,104,0,-2
4515,104,0,-2
4516,104,0,-2
4517,104,0,-2
4518,104,0,-3
4519,104,0,-3
4520,103,0,-3
4521,104,0,-3
4522,103,0,-3
4523,104,0,-3
4524,103,0,-4
4525,104,0,-4
4526,104,0,-4
4527,104,0,-4
4528,104,0,-4
4529,104,0,-4
4530,104,0,-4
4531,104,0,-3
4532,104,0,-3
4533,104,0,-3
4534,104,0,-3
4535,104,0,-3
4536,104,0,-3
4537,104,0,-3
4538,104,0,-3
4539,104,0,-3
4540,104,0,-2
4541,104,0,-2
4542,104,0,-2
4543,104,0,-2
4544,105,0,-2
4545,104,0,-2
4546,105,0,-1
4547,105,0,-1
4548,104,0,-1
4549,105,0,-1
4550,105,0,-1
4551,104,0,-1
4552,105,0,-1
4553,105,0,-1
4554,104,0,-1
4555,105,0,-1
4556,104,0,-1
4557,104,0,-1
4558,104,0,-1
4559,104,0,-1
4560,104,0,-1
4561,104,0,-1
4562,104,0,-1
4563,104,0,-2
4564,104,0,-2
4565,104,0,-2
4566,104,0,-2
4567,103,0,-2
4568,103,0,-2
4569,103,0,-2
4570,103,0,-2
4571,103,0,-2
4572,103,0,-2
4573,103,0,-2
4574,102,0,-2
4575,103,0,-2
4576,103,0,-2
4577,103,0,-2
4578,103,0,-2
4579,103,0,-2
4580,103,0,-2
4581,103,0,-2
4582,103,0,-2
4583,103,0,-2
4584,103,0,-2
4585,102,0,-2
4586,103,0,-2
4587,103,0,-2
4588,103,0,-2
4589,103,0,-2
4590,103,0,-2
4591,103,0,-2
4592,103,0,-2
4593,103,0,-2
4594,103,0,-2
4595,103,0,-2
4596,103,0,-2
4597,103,0,-2
4598,103,0,-2
4599,103,0,-2
4600,103,0,-2
4601,103,0,-2
4602,103,0,-1
4603,103,0,-1
4604,103,0,-1
4605,103,0,-1
4606,103,0,-2
4607,103,0,-2
4608,103,0,-2
4609,103,0,-2
4610,103,0,-2
4611,103,0,-2
4612,103,0,-2
4613,103,0,-2
4614,103,0,-2
4615,103,0,-2
4616,103,0,-2
4617,103,0,-2
4618,103,0,-2
4619,103,0,-2
4620,103,0,-2
4621,106,0,-2
4622,103,0,-2
4623,103,0,-2
4624,103,0,-2
4625,103,0,-2
4626,103,0,-2
4627,103,0,-2
4628,103,0,-2
4629,103,0,-2
4630,103,0,-2
4631,103,0,-2
4632,102,0,-2
4633,103,0,-2
4634,102,0,-2
4635,102,0,-2
4636,102,0,-2
4637,103,0,-2
4638,103,0,-2
4639,103,0,-2
4640,103,0,-2
4641,103,0,-2
4642,103,0,-2
4643,103,0,-2
4644,103,0,-2
4645,103,0,-2
4646,103,0,-2
4647,103,0,-2
4648,103,0,-2
4649,103,0,-1
4650,103,0,-1
4651,103,0,-1
4652,103,0,-1
4653,103,0,-1
4654,103,0,-1
4655,103,0,-1
4656,103,0,0
4657,103,0,0
4658,104,0,0
4659,103,0,0
4660,103,0,0
4661,104,0,0
4662,103,0,0
4663,103,0,0
4664,103,0,0
4665,103,0,0
4666,103,0,0
4667,104,0,0
4668,103,0,0
4669,103,0,-1
4670,103,0,-1
4671,103,0,-1
4672,102,0,-1
4673,102,0,-2
4674,103,0,-2
4675,102,0,-2
4676,102,0,-2
4677,102,0,-3
4678,103,0,-3
4679,102,0,-3
4680,103,0,-3
4681,102,0,-4
4682,102,0,-4
4683,102,0,-4
4684,102,0,-4
4685,102,0,-4
4686,103,0,-4
4687,102,0,-4
4688,102,0,-4
4689,103,0,-4
4690,102,0,-4
4691,102,0,-4
4692,102,0,-4
4693,102,0,-4
4694,102,0,-4
4695,102,0,-4
4696,103,0,-3
4697,102,0,-3
4698,102,0,-3
4699,103,0,-3
4700,103,0,-3
4701,103,0,-2
4702,103,0,-2
4703,103,0,-2
4704,103,0,-2
4705,103,0,-2
4706,103,0,-2
4707,103,0,-2
4708,103,0,-2
4709,103,0,-2
4710,103,0,-2
4711,103,0,-2
4712,104,0,-2
4713,103,0,-2
4714,103,0,-3
4715,103,0,-3
4716,103,0,-3
4717,103,0,-3
4718,103,0,-3
4719,103,0,-3
4720,102,0,-3
4721,102,0,-3
4722,103,0,-3
4723,103,0,-3
4724,103,0,-3
4725,103,0,-3
4726,103,0,-3
4727,103,0,-3
4728,104,0,-3
4729,103,0,-2
4730,103,0,-2
4731,103,0,-2
4732,103,0,-2
4733,103,0,-2
4734,103,0,-1
4735,103,0,-1
4736,103,0,-1
4737,104,0,-1
4738,104,0,-1
4739,103,0,-1
4740,104,0,-1
4741,104,0,-1
4742,103,0,-1
4743,104,0,-1
4744,104,0,-1
4745,104,0,-1
4746,103,0,-1
4747,104,0,-1
4748,103,0,-1
4749,103,0,-1
4750,103,0,-1
4751,103,0,-1
4752,103,0,-1
4753,102,0,-1
4754,103,0,-2
4755,103,0,-2
4756,103,0,-2
4757,103,0,-2
4758,102,0,-3
4759,103,0,-3
4760,102,0,-3
4761,102,0,-3
4762,102,0,-3
4763,103,0,-4
4764,102,0,-4
4765,102,0,-4
4766,102,0,-4
4767,102,0,-4
4768,102,0,-4
4769,102,0,-4
4770,102,0,-4
4771,103,0,-4
4772,102,0,-4
4773,102,0,-4
4774,103,0,-4
4775,102,0,-4
4776,102,0,-4
4777,102,0,-4
4778,102,0,-4
4779,103,0,-4
4780,103,0,-4
4781,103,0,-4
4782,103,0,-4
4783,103,0,-4
4784,103,0,-4
4785,103,0,-3
4786,103,0,-3
4787,103,0,-3
4788,103,0,-3
4789,103,0,-3
4790,103,0,-3
4791,103,0,-3
4792,103,0,-3
4793,103,0,-3
4794,103,0,-3
4795,102,0,-3
4796,103,0,-2
4797,103,0,-2
4798,103,0,-2
4799,104,0,-2
4800,103,0,-2
4801,103,0,-2
4802,103,0,-2
4803,103,0,-2
4804,103,0,-2
4805,103,0,-2
4806,103,0,-2
4807,103,0,-2
4808,102,0,-2
4809,103,0,-2
4810,103,0,-2
4811,103,0,-2
4812,103,0,-2
4813,103,0,-2
4814,103,0,-2
4815,103,0,-2
4816,104,0,-2
4817,103,0,-1
4818,103,0,-1
4819,103,0,-1
4820,104,0,-1
4821,103,0,-1
4822,103,0,-1
4823,103,0,-1
4824,104,0,-1
4825,103,0,-1
4826,103,0,-2
4827,103,0,-2
4828,103,0,-2
4829,104,0,-2
4830,103,0,-2
4831,103,0,-2
4832,103,0,-2
4833,103,0,-2
4834,103,0,-2
4835,103,0,-2
4836,102,0,-2
4837,102,0,-2
4838,102,0,-2
4839,103,0,-2
4840,102,0,-2
4841,103,0,-3
4842,103,0,-3
4843,103,0,-3
4844,103,0,-3
4845,103,0,-3
4846,103,0,-3
4847,103,0,-3
4848,103,0,-3
4849,103,0,-3
4850,103,0,-2
4851,103,0,-2
4852,103,0,-2
4853,103,0,-2
4854,103,0,-2
4855,103,0,-2
4856,103,0,-2
4857,104,0,-2
4858,103,0,-1
4859,103,0,-1
4860,103,0,-1
4861,104,0,-1
4862,103,0,-1
4863,103,0,-1
4864,103,0,-1
4865,103,0,-2
4866,103,0,-2
4867,103,0,-2
4868,103,0,-2
4869,103,0,-2
4870,103,0,-2
4871,103,0,-2
4872,102,0,-2
4873,103,0,-2
4874,103,0,-3
4875,103,0,-3
4876,102,0,-3
4877,103,0,-3
4878,103,0,-3
4879,103,0,-3
4880,103,0,-3
4881,103,0,-3
4882,103,0,-4
4883,103,0,-4
4884,103,0,-4
4885,103,0,-4
4886,102,0,-4
4887,103,0,-4
4888,103,0,-5
4889,102,0,-5
4890,104,0,-5
4891,103,0,-5
4892,103,0,-5
4893,103,0,-5
4894,103,0,-5
4895,103,0,-6
4896,103,0,-6
4897,103,0,-6
4898,103,0,-7
4899,103,0,-7
4900,104,0,-7
4901,104,0,-7
4902,103,0,-7
4903,104,0,-7
4904,103,0,-7
4905,104,0,-7
4906,103,0,-7
4907,103,0,-7
4908,103,0,-6
4909,103,0,-6
4910,103,0,-6
4911,103,0,-5
4912,104,0,-4
4913,103,0,-4
4914,103,0,-3
4915,104,0,-3
4916,104,0,-3
4917,104,0,-2
4918,104,0,-2
4919,104,0,-2
4920,104,0,-2
4921,105,0,-1
4922,105,0,-1
4923,104,0,-1
4924,105,0,0
4925,105,0,0
4926,105,0,0
4927,105,0,0
4928,105,0,0
4929,106,0,0
4930,105,0,0
4931,104,0,0
4932,104,0,0
4933,105,0,0
4934,104,0,0
4935,103,0,0
4936,104,0,-1
4937,104,0,-1
4938,104,0,-1
4939,104,0,-1
4940,104,0,-1
4941,104,0,-1
4942,104,0,-1
4943,104,0,-1
4944,104,0,-1
4945,104,0,-1
4946,105,0,-1
4947,105,0,0
4948,104,0,0
4949,104,0,0
4950,105,0,0
4951,105,0,0
4952,105,0,1
4953,105,0,1
4954,106,0,1
4955,106,0,1
4956,105,0,2
4957,106,0,2
4958,106,0,2
4959,106,0,3
4960,107,0,3
4961,106,0,3
4962,106,0,3
4963,107,0,3
4964,106,0,3
4965,106,0,3
4966,106,0,3
4967,106,0,3
4968,106,0,3
4969,106,0,3
4970,106,0,3
4971,106,0,2
4972,104,0,2
4973,105,0,2
4974,104,0,1
4975,104,0,1
4976,104,0,0
4977,104,0,0
4978,103,0,-1
4979,103,0,-1
4980,103,0,-2
4981,103,0,-2
4982,102,0,-2
4983,103,0,-2
4984,103,0,-3
4985,103,0,-3
4986,102,0,-3
4987,103,0,-3
4988,102,0,-3
4989,103,0,-3
4990,103,0,-3
4991,102,0,-3
4992,103,0,-3
4993,103,0,-3
4994,103,0,-3
4995,103,0,-3
4996,103,0,-2
4997,103,0,-2
4998,103,0,-2
4999,103,0,-2
5000,103,0,-2
5001,103,0,-1
5002,103,0,-1
5003,103,0,-1
5004,103,0,-1
5005,103,0,-1
5006,103,0,-1
5007,104,0,-1
5008,103,0,-1
5009,103,0,-1
5010,103,0,-1
5011,103,0,-1
5012,103,0,-1
5013,103,0,-1
5014,103,0,-1
5015,103,0,-1
5016,104,0,-1
5017,103,0,-1
5018,104,0,-1
5019,103,0,-1
5020,103,0,-1
5021,103,0,-1
5022,103,0,0
5023,103,0,0
5024,104,0,0
5025,104,0,0
5026,104,0,0
5027,103,0,1
5028,104,0,1
5029,104,0,1
5030,104,0,0
5031,104,0,0
5032,103,0,0
5033,103,0,0
5034,103,0,0
5035,103,0,0
5036,102,0,0
5037,102,0,0
5038,102,0,-1
5039,102,0,-1
5040,103,0,-2
5041,102,0,-2
5042,103,0,-2
5043,102,0,-3
5044,102,0,-3
5045,103,0,-3
5046,103,0,-3
5047,103,0,-3
5048,102,0,-3
5049,102,0,-3
5050,102,0,-3
5051,103,0,-3
5052,102,0,-3
5053,102,0,-3
5054,102,0,-3
5055,103,0,-3
5056,103,0,-3
5057,103,0,-2
5058,102,0,-2
5059,104,0,-2
5060,104,0,-2
5061,104,0,-2
5062,104,0,-1
5063,103,0,-1
5064,102,0,-1
5065,102,0,-1
5066,103,0,-1
5067,103,0,-1
5068,103,0,-1
5069,102,0,-1
5070,103,0,-1
5071,102,0,-1
5072,102,0,-1
5073,101,0,-1
5074,102,0,-1
5075,102,0,-1
5076,102,0,-1
5077,102,0,-1
5078,101,0,-1
5079,102,0,-1
5080,102,0,-1
5081,102,0,-1
5082,102,0,-1
5083,102,0,-1
5084,102,0,-1
5085,101,0,-1
5086,101,0,-1
5087,102,0,-1
5088,104,0,-1
5089,103,0,-2
5090,101,0,-2
5091,102,0,-2
5092,101,0,-3
5093,104,0,-3
5094,101,0,-3
5095,102,0,-3
5096,102,0,-3
5097,102,0,-3
5098,102,0,-3
5099,102,0,-3
5100,102,0,-3
5101,103,0,-2
5102,103,0,-2
5103,102,0,-1
5104,105,0,-1
5105,111,0,0
5106,111,0,0
5107,111,0,0
5108,110,0,1
5109,108,0,1
5110,109,0,2
5111,110,0,2
5112,111,0,2
5113,111,0,3
5114,111,0,3
5115,111,0,3
5116,112,0,3
5117,111,0,3
5118,105,0,4
5119,105,0,4
5120,104,0,4
5121,104,0,3
5122,105,0,3
5123,104,0,3
5124,103,0,3
5125,104,0,3
5126,104,0,3
5127,104,0,3
5128,103,0,3
5129,103,0,2
5130,103,0,2
5131,102,0,2
5132,102,0,1
5133,102,0,1
5134,102,0,0
5135,101,0,0
5136,102,0,-1
5137,100,0,-1
5138,100,0,-1
5139,99,0,-2
5140,101,0,-2
5141,100,0,-2
5142,100,0,-2
5143,100,0,-2
5144,99,0,-2
5145,99,0,-2
5146,101,0,-2
5147,100,0,-2
5148,101,0,-2
5149,101,0,-2
5150,101,0,-2
5151,101,0,-2
5152,101,0,-1
5153,102,0,-1
5154,102,0,-1
5155,102,0,-1
5156,102,0,-1
5157,101,0,-1
5158,102,0,-1
5159,102,0,0
5160,102,0,0
5161,102,0,0
5162,102,0,0
5163,102,0,0
5164,102,0,0
5165,102,0,0
5166,101,0,0
5167,101,0,0
5168,101,0,0
5169,101,0,0
5170,100,0,-1
5171,100,0,-1
5172,100,0,-1
5173,100,0,-1
5174,101,0,-1
5175,100,0,-2
5176,100,0,-2
5177,100,0,-2
5178,100,0,-2
5179,99,0,-2
5180,99,0,-3
5181,99,0,-3
5182,98,0,-3
5183,98,0,-3
5184,98,0,-3
5185,98,0,-3
5186,98,0,-3
5187,98,0,-3
5188,98,0,-3
5189,100,0,-3
5190,100,0,-3
5191,99,0,-3
5192,99,0,-3
5193,100,0,-3
5194,99,0,-3
5195,99,0,-3
5196,101,0,-3
5197,100,0,-3
5198,100,0,-3
5199,100,0,-4
5200,100,0,-3
5201,99,0,-3
5202,100,0,-3
5203,99,0,-3
5204,100,0,-3
5205,100,0,-3
5206,100,0,-3
5207,99,0,-3
5208,100,0,-3
5209,100,0,-3
5210,100,0,-3
5211,100,0,-3
5212,101,0,-3
5213,101,0,-3
5214,102,0,-3
5215,101,0,-3
5216,100,0,-3
5217,101,0,-3
5218,102,0,-3
5219,102,0,-3
5220,101,0,-2
5221,101,0,-2
5222,100,0,-2
5223,100,0,-2
5224,101,0,-2
5225,101,0,-2
5226,102,0,-2
5227,102,0,-2
5228,103,0,-1
5229,102,0,-1
5230,102,0,-1
5231,102,0,-1
5232,102,0,-1
5233,102,0,-1
5234,102,0,-1
5235,100,0,-1
5236,100,0,-1
5237,100,0,-1
5238,100,0,-2
5239,100,0,-2
5240,100,0,-2
5241,100,0,-3
5242,100,0,-3
5243,101,0,-3
5244,101,0,-4
5245,101,0,-4
5246,101,0,-4
5247,101,0,-5
5248,101,0,-5
5249,101,0,-5
5250,101,0,-5
5251,101,0,-5
5252,101,0,-5
5253,101,0,-5
5254,101,0,-5
5255,101,0,-5
5256,102,0,-5
5257,101,0,-5
5258,102,0,-4
5259,101,0,-4
5260,101,0,-4
5261,100,0,-4
5262,100,0,-4
5263,100,0,-3
5264,100,0,-3
5265,100,0,-3
5266,100,0,-3
5267,101,0,-3
5268,103,0,-2
5269,103,0,-2
5270,102,0,-2
5271,103,0,-2
5272,101,0,-2
5273,101,0,-2
5274,101,0,-2
5275,101,0,-2
5276,100,0,-2
5277,101,0,-3
5278,101,0,-3
5279,102,0,-3
5280,104,0,-3
5281,107,0,-3
5282,106,0,-3
5283,104,0,-3
5284,103,0,-2
5285,103,0,-2
5286,103,0,-2
5287,103,0,-2
5288,104,0,-2
5289,103,0,-2
5290,104,0,-2
5291,104,0,-2
5292,103,0,-2
5293,102,0,-2
5294,102,0,-2
5295,100,0,-3
5296,103,0,-3
5297,102,0,-3
5298,103,0,-4
5299,103,0,-4
5300,103,0,-4
5301,104,0,-4
5302,103,0,-5
5303,103,0,-5
5304,102,0,-5
5305,103,0,-5
5306,103,0,-5
5307,103,0,-5
5308,103,0,-5
5309,103,0,-5
5310,102,0,-5
5311,103,0,-5
5312,103,0,-5
5313,103,0,-5
5314,102,0,-5
5315,103,0,-5
5316,103,0,-5
5317,103,0,-5
5318,103,0,-5
5319,103,0,-5
5320,103,0,-5
5321,104,0,-4
5322,104,0,-4
5323,104,0,-4
5324,103,0,-4
5325,103,0,-4
5326,104,0,-4
5327,104,0,-3
5328,103,0,-3
5329,104,0,-3
5330,104,0,-3
5331,104,0,-3
5332,104,0,-3
5333,104,0,-2
5334,104,0,-2
5335,104,0,-2
5336,104,0,-2
5337,104,0,-3
5338,104,0,-3
5339,103,0,-3
5340,103,0,-3
5341,103,0,-4
5342,103,0,-4
5343,103,0,-4
5344,103,0,-5
5345,104,0,-5
5346,103,0,-5
5347,103,0,-5
5348,103,0,-5
5349,104,0,-5
5350,104,0,-5
5351,104,0,-5
5352,105,0,-5
5353,105,0,-5
5354,105,0,-5
5355,105,0,-4
5356,104,0,-4
5357,105,0,-4
5358,105,0,-4
5359,103,0,-3
5360,104,0,-3
5361,104,0,-3
5362,104,0,-2
5363,105,0,-2
5364,105,0,-2
5365,104,0,-1
5366,105,0,-1
5367,105,0,-1
5368,106,0,0
5369,105,0,0
5370,104,0,0
5371,105,0,0
5372,103,0,-1
5373,104,0,-1
5374,104,0,-1
5375,105,0,-1
5376,105,0,-1
5377,105,0,-1
5378,104,0,-1
5379,105,0,-1
5380,104,0,-1
5381,105,0,-1
5382,105,0,-1
5383,104,0,0
5384,105,0,0
5385,104,0,0
5386,104,0,0
5387,105,0,0
5388,104,0,0
5389,104,0,0
5390,105,0,-1
5391,105,0,-1
5392,103,0,-1
5393,104,0,-1
5394,104,0,-1
5395,103,0,-1
5396,104,0,-2
5397,104,0,-2
5398,103,0,-2
5399,103,0,-2
5400,105,0,-3
5401,104,0,-3
5402,103,0,-3
5403,104,0,-3
5404,103,0,-4
5405,103,0,-4
5406,104,0,-4
5407,104,0,-4
5408,104,0,-4
5409,104,0,-4
5410,104,0,-5
5411,103,0,-5
5412,104,0,-5
5413,104,0,-4
5414,104,0,-4
5415,104,0,-4
5416,105,0,-4
5417,104,0,-4
5418,104,0,-4
5419,104,0,-3
5420,104,0,-3
5421,104,0,-3
5422,104,0,-3
5423,104,0,-3
5424,105,0,-3
5425,105,0,-2
5426,104,0,-2
5427,104,0,-2
5428,103,0,-2
5429,104,0,-2
5430,105,0,-2
5431,104,0,-2
5432,104,0,-2
5433,104,0,-2
5434,103,0,-2
5435,104,0,-2
5436,104,0,-2
5437,103,0,-3
5438,104,0,-3
5439,104,0,-3
5440,103,0,-3
5441,104,0,-3
5442,103,0,-3
5443,103,0,-3
5444,104,0,-4
5445,104,0,-4
5446,103,0,-4
5447,104,0,-4
5448,104,0,-4
5449,103,0,-4
5450,104,0,-4
5451,103,0,-5
5452,104,0,-5
5453,104,0,-5
5454,104,0,-5
5455,104,0,-5
5456,103,0,-5
5457,103,0,-5
5458,103,0,-5
5459,103,0,-4
5460,103,0,-4
5461,103,0,-4
5462,103,0,-4
5463,103,0,-3
5464,103,0,-3
5465,104,0,-3
5466,104,0,-3
5467,104,0,-2
5468,105,0,-2
5469,105,0,-2
5470,105,0,-1
5471,105,0,-1
5472,105,0,-1
5473,106,0,0
5474,106,0,0
5475,106,0,0
5476,105,0,0
5477,105,0,0
5478,106,0,0
5479,106,0,0
5480,105,0,0
5481,106,0,0
5482,105,0,0
5483,105,0,0
5484,105,0,0
5485,105,0,0
5486,105,0,0
5487,105,0,-1
5488,104,0,-1
5489,104,0,-1
5490,104,0,-1
5491,104,0,-1
5492,104,0,-2
5493,104,0,-2
5494,104,0,-2
5495,104,0,-2
5496,103,0,-2
5497,104,0,-2
5498,103,0,-3
5499,104,0,-3
5500,104,0,-3
5501,103,0,-3
5502,103,0,-3
5503,104,0,-3
5504,105,0,-3
5505,103,0,-3
5506,103,0,-3
5507,104,0,-3
5508,104,0,-3
5509,104,0,-3
5510,103,0,-3
5511,104,0,-3
5512,103,0,-3
5513,104,0,-3
5514,104,0,-3
5515,104,0,-3
5516,103,0,-3
5517,103,0,-3
5518,103,0,-3
5519,103,0,-3
5520,104,0,-3
5521,103,0,-2
5522,104,0,-2
5523,104,0,-2
5524,104,0,-2
5525,105,0,-2
5526,104,0,-2
5527,105,0,-2
5528,104,0,-2
5529,104,0,-2
5530,104,0,-2
5531,104,0,-2
5532,104,0,-2
5533,104,0,-2
5534,104,0,-2
5535,103,0,-2
5536,104,0,-2
5537,104,0,-2
5538,103,0,-2
5539,104,0,-2
5540,103,0,-2
5541,103,0,-2
5542,103,0,-3
5543,103,0,-3
5544,103,0,-3
5545,103,0,-3
5546,103,0,-3
5547,103,0,-3
5548,103,0,-3
5549,103,0,-4
5550,103,0,-4
5551,103,0,-4
5552,104,0,-4
5553,103,0,-4
5554,102,0,-4
5555,103,0,-4
5556,103,0,-4
5557,103,0,-4
5558,102,0,-4
5559,103,0,-4
5560,103,0,-4
5561,103,0,-4
5562,103,0,-4
5563,103,0,-4
5564,103,0,-4
5565,103,0,-4
5566,103,0,-4
5567,103,0,-4
5568,104,0,-4
5569,103,0,-4
5570,103,0,-4
5571,104,0,-3
5572,104,0,-3
5573,104,0,-3
5574,103,0,-3
5575,104,0,-3
5576,103,0,-3
5577,104,0,-3
5578,104,0,-3
5579,104,0,-3
5580,105,0,-3
5581,105,0,-3
5582,105,0,-2
5583,104,0,-2
5584,105,0,-2
5585,105,0,-2
5586,105,0,-2
5587,105,0,-2
5588,106,0,-2
5589,105,0,-2
5590,105,0,-2
5591,105,0,-2
5592,105,0,-2
5593,104,0,-2
5594,105,0,-2
5595,105,0,-2
5596,105,0,-2
5597,105,0,-2
5598,105,0,-2
5599,103,0,-2
5600,104,0,-2
5601,104,0,-2
5602,104,0,-2
5603,103,0,-2
5604,104,0,-2
5605,104,0,-2
5606,104,0,-2
5607,104,0,-2
5608,104,0,-2
5609,103,0,-2
5610,104,0,-2
5611,104,0,-2
5612,103,0,-2
5613,104,0,-2
5614,103,0,-2
5615,103,0,-2
5616,104,0,-2
5617,103,0,-2
5618,103,0,-3
5619,103,0,-3
5620,104,0,-3
5621,104,0,-3
5622,104,0,-3
5623,104,0,-3
5624,103,0,-3
5625,103,0,-3
5626,103,0,-3
5627,103,0,-3
5628,104,0,-3
5629,103,0,-3
5630,103,0,-3
5631,103,0,-3
5632,103,0,-3
5633,103,0,-3
5634,103,0,-3
5635,102,0,-3
5636,103,0,-3
5637,103,0,-3
5638,103,0,-3
5639,103,0,-3
5640,104,0,-3
5641,103,0,-3
5642,104,0,-3
5643,103,0,-3
5644,103,0,-3
5645,103,0,-3
5646,103,0,-3
5647,103,0,-3
5648,103,0,-3
5649,103,0,-3
5650,103,0,-4
5651,103,0,-4
5652,103,0,-4
5653,103,0,-4
5654,102,0,-4
5655,103,0,-4
5656,103,0,-4
5657,103,0,-4
5658,102,0,-4
5659,103,0,-4
5660,103,0,-4
5661,103,0,-4
5662,104,0,-4
5663,103,0,-4
5664,103,0,-4
5665,103,0,-3
5666,103,0,-3
5667,103,0,-3
5668,103,0,-3
5669,104,0,-3
5670,103,0,-3
5671,104,0,-3
5672,103,0,-2
5673,103,0,-2
5674,103,0,-2
5675,104,0,-2
5676,103,0,-2
5677,104,0,-1
5678,105,0,-1
5679,104,0,-1
5680,104,0,-1
5681,104,0,-1
5682,105,0,-1
5683,104,0,-1
5684,104,0,0
5685,104,0,0
5686,104,0,0
5687,104,0,0
5688,104,0,-1
5689,104,0,-1
5690,103,0,-1
5691,104,0,-1
5692,103,0,-1
5693,104,0,-1
5694,104,0,-1
5695,105,0,-1
5696,104,0,-2
5697,104,0,-2
5698,104,0,-2
5699,104,0,-2
5700,103,0,-2
5701,103,0,-2
5702,104,0,-2
5703,104,0,-2
5704,103,0,-3
5705,104,0,-3
5706,103,0,-3
5707,104,0,-3
5708,104,0,-3
5709,104,0,-3
5710,104,0,-3
5711,103,0,-3
5712,104,0,-3
5713,103,0,-3
5714,103,0,-3
5715,103,0,-3
5716,103,0,-3
5717,103,0,-4
5718,103,0,-4
5719,103,0,-4
5720,103,0,-4
5721,103,0,-4
5722,103,0,-4
5723,103,0,-4
5724,103,0,-4
5725,104,0,-4
5726,105,0,-4
5727,103,0,-4
5728,103,0,-4
5729,102,0,-4
5730,103,0,-4
5731,103,0,-4
5732,103,0,-4
5733,103,0,-4
5734,103,0,-4
5735,103,0,-4
5736,103,0,-4
5737,103,0,-4
5738,103,0,-4
5739,102,0,-4
5740,102,0,-4
5741,102,0,-5
5742,102,0,-5
5743,102,0,-5
5744,102,0,-5
5745,102,0,-5
5746,101,0,-5
5747,102,0,-5
5748,102,0,-5
5749,102,0,-5
5750,102,0,-5
5751,102,0,-5
5752,102,0,-5
5753,102,0,-5
5754,102,0,-5
5755,103,0,-5
5756,102,0,-4
5757,102,0,-4
5758,102,0,-4
5759,103,0,-4
5760,103,0,-4
5761,103,0,-3
5762,103,0,-3
5763,104,0,-3
5764,103,0,-3
5765,104,0,-3
5766,104,0,-2
5767,104,0,-2
5768,104,0,-2
5769,104,0,-2
5770,104,0,-1
5771,105,0,-1
5772,105,0,-1
5773,104,0,-1
5774,105,0,-1
5775,105,0,-1
5776,105,0,0
5777,105,0,0
5778,105,0,0
5779,104,0,0
5780,104,0,0
5781,104,0,0
5782,104,0,0
5783,104,0,0
5784,104,0,0
5785,104,0,0
5786,104,0,0
5787,103,0,0
5788,103,0,0
5789,104,0,0
5790,103,0,0
5791,102,0,-1
5792,102,0,-1
5793,102,0,-1
5794,102,0,-2
5795,102,0,-2
5796,103,0,-2
5797,102,0,-2
5798,102,0,-2
5799,102,0,-2
5800,101,0,-3
5801,102,0,-3
5802,102,0,-3
5803,102,0,-3
5804,101,0,-3
5805,102,0,-3
5806,101,0,-3
5807,102,0,-3
5808,102,0,-3
5809,102,0,-3
5810,103,0,-3
5811,103,0,-3
5812,103,0,-3
5813,102,0,-3
5814,103,0,-3
5815,102,0,-3
5816,103,0,-3
5817,103,0,-3
5818,103,0,-3
5819,103,0,-3
5820,103,0,-3
5821,103,0,-2
5822,103,0,-2
5823,103,0,-2
5824,103,0,-2
5825,103,0,-1
5826,104,0,-1
5827,104,0,-1
5828,103,0,-1
5829,104,0,0
5830,104,0,0
5831,104,0,0
5832,104,0,0
5833,104,0,0
5834,103,0,-1
5835,103,0,-1
5836,103,0,-2
5837,103,0,-2
5838,102,0,-2
5839,103,0,-2
5840,103,0,-3
5841,102,0,-3
5842,103,0,-3
5843,102,0,-3
5844,103,0,-3
5845,103,0,-3
5846,102,0,-3
5847,102,0,-3
5848,102,0,-3
5849,102,0,-3
5850,103,0,-3
5851,103,0,-3
5852,102,0,-3
5853,103,0,-3
5854,103,0,-3
5855,103,0,-3
5856,103,0,-3
5857,103,0,-3
5858,103,0,-2
5859,103,0,-2
5860,103,0,-2
5861,103,0,-2
5862,103,0,-2
5863,103,0,-2
5864,103,0,-2
5865,103,0,-2
5866,103,0,-2
5867,103,0,-2
5868,103,0,-2
5869,103,0,-2
5870,103,0,-2
5871,103,0,-3
5872,103,0,-3
5873,103,0,-3
5874,103,0,-3
5875,103,0,-3
5876,103,0,-3
5877,102,0,-3
5878,103,0,-3
5879,102,0,-3
5880,103,0,-3
5881,103,0,-3
5882,103,0,-3
5883,104,0,-3
5884,103,0,-2
5885,103,0,-2
5886,104,0,-2
5887,104,0,-2
5888,104,0,-1
5889,104,0,-1
5890,104,0,-1
5891,104,0,-1
5892,104,0,0
5893,105,0,0
5894,104,0,0
5895,104,0,0
5896,104,0,0
5897,104,0,0
5898,104,0,1
5899,104,0,0
5900,104,0,0
5901,104,0,0
5902,104,0,0
5903,104,0,0
5904,104,0,0
5905,104,0,0
5906,103,0,0
5907,103,0,0
5908,103,0,0
5909,103,0,0
5910,103,0,-1
5911,104,0,-1
5912,103,0,-1
5913,103,0,-1
5914,103,0,-1
5915,103,0,-1
5916,103,0,-1
5917,103,0,-1
5918,103,0,-1
5919,103,0,-1
5920,103,0,-1
5921,104,0,0
5922,104,0,0
5923,104,0,0
5924,104,0,0
5925,104,0,0
5926,104,0,0
5927,103,0,0
5928,104,0,0
5929,103,0,1
5930,103,0,1
5931,103,0,1
5932,104,0,1
5933,103,0,1
5934,103,0,1
5935,103,0,1
5936,103,0,1
5937,103,0,1
5938,104,0,1
5939,102,0,1
5940,104,0,1
5941,103,0,1
5942,103,0,1
5943,104,0,1
5944,103,0,1
5945,102,0,1
5946,102,0,1
5947,102,0,1
5948,103,0,0
5949,102,0,0
5950,103,0,0
5951,103,0,0
5952,102,0,0
5953,102,0,0
5954,102,0,0
5955,102,0,0
5956,102,0,0
5957,102,0,0
5958,102,0,0
5959,102,0,0
5960,102,0,0
5961,102,0,0
5962,102,0,0
5963,102,0,0
5964,102,0,0
5965,102,0,0
5966,102,0,1
5967,102,0,1
5968,102,0,1
5969,103,0,1
5970,101,0,0
5971,102,0,0
5972,102,0,0
5973,102,0,0
5974,102,0,0
5975,102,0,0
5976,102,0,0
5977,102,0,-1
5978,101,0,-1
5979,100,0,-1
5980,101,0,-2
5981,101,0,-2
5982,100,0,-3
5983,100,0,-3
5984,100,0,-3
5985,100,0,-4
5986,101,0,-4
5987,101,0,-4
5988,101,0,-5
5989,101,0,-5
5990,101,0,-5
5991,100,0,-5
5992,101,0,-5
5993,101,0,-5
5994,100,0,-5
5995,101,0,-5
5996,101,0,-5
5997,101,0,-5
5998,101,0,-5
5999,101,0,-5
6000,101,0,-5
6001,101,0,-5
6002,100,0,-5
6003,101,0,-4
6004,101,0,-4
6005,101,0,-4
6006,101,0,-4
6007,101,0,-3
6008,101,0,-3
6009,101,0,-3
6010,101,0,-3
6011,102,0,-2
6012,102,0,-2
6013,101,0,-2
6014,103,0,-1
6015,102,0,-1
6016,102,0,-1
6017,103,0,0
6018,102,0,0
6019,102,0,0
6020,102,0,0
6021,103,0,1
6022,103,0,1
6023,103,0,1
6024,103,0,1
6025,102,0,1
6026,103,0,1
6027,103,0,1
6028,103,0,1
6029,102,0,1
6030,102,0,1
6031,102,0,1
6032,102,0,0
6033,102,0,0
6034,102,0,0
6035,102,0,0
6036,102,0,0
6037,101,0,0
6038,102,0,-1
6039,102,0,-1
6040,102,0,-1
6041,102,0,-1
6042,102,0,-1
6043,101,0,-1
6044,102,0,-1
6045,102,0,-1
6046,102,0,-1
6047,102,0,-1
6048,102,0,-1
6049,101,0,-1
6050,102,0,0
6051,101,0,0
6052,102,0,0
6053,102,0,-1
6054,102,0,-1
6055,102,0,-1
6056,101,0,-1
6057,101,0,-1
6058,101,0,-1
6059,101,0,-1
6060,102,0,-2
6061,102,0,-2
6062,100,0,-3
6063,101,0,-3
6064,101,0,-3
6065,101,0,-4
6066,101,0,-4
6067,101,0,-5
6068,101,0,-5
6069,101,0,-6
6070,101,0,-6
6071,101,0,-7
6072,101,0,-7
6073,101,0,-7
6074,101,0,-8
6075,101,0,-8
6076,101,0,-8
6077,100,0,-8
6078,102,0,-8
6079,101,0,-7
6080,101,0,-7
6081,101,0,-7
6082,102,0,-7
6083,102,0,-7
6084,102,0,-6
6085,102,0,-6
6086,102,0,-6
6087,101,0,-5
6088,102,0,-5
6089,102,0,-5
6090,102,0,-4
6091,102,0,-4
6092,102,0,-4
6093,101,0,-3
6094,103,0,-3
6095,102,0,-3
6096,102,0,-3
6097,102,0,-2
6098,102,0,-2
6099,103,0,-2
6100,102,0,-2
6101,103,0,-2
6102,102,0,-2
6103,102,0,-2
6104,102,0,-2
6105,102,0,-3
6106,102,0,-3
6107,102,0,-3
6108,102,0,-3
6109,101,0,-4
6110,102,0,-4
6111,102,0,-4
6112,101,0,-5
6113,102,0,-5
6114,102,0,-5
6115,102,0,-5
6116,102,0,-5
6117,102,0,-5
6118,102,0,-5
6119,102,0,-5
6120,102,0,-5
6121,102,0,-5
6122,102,0,-5
6123,102,0,-4
6124,102,0,-4
6125,102,0,-4
6126,102,0,-4
6127,102,0,-4
6128,103,0,-4
6129,102,0,-4
6130,102,0,-3
6131,102,0,-3
6132,103,0,-3
6133,101,0,-3
6134,102,0,-3
6135,102,0,-3
6136,102,0,-4
6137,102,0,-4
6138,102,0,-4
6139,102,0,-4
6140,102,0,-4
6141,102,0,-4
6142,102,0,-4
6143,102,0,-4
6144,102,0,-4
6145,102,0,-4
6146,101,0,-4
6147,101,0,-3
6148,101,0,-3
6149,103,0,-3
6150,103,0,-3
6151,104,0,-3
6152,103,0,-3
6153,103,0,-3
6154,103,0,-2
6155,104,0,-2
6156,104,0,-2
6157,103,0,-2
6158,103,0,-2
6159,103,0,-2
6160,104,0,-2
6161,104,0,-2
6162,104,0,-2
6163,104,0,-2
6164,104,0,-2
6165,104,0,-2
6166,104,0,-1
6167,104,0,-1
6168,104,0,-1
6169,104,0,-1
6170,104,0,-1
6171,104,0,-1
6172,105,0,-1
6173,104,0,-1
6174,105,0,-1
6175,105,0,-1
6176,105,0,-1
6177,104,0,-1
6178,104,0,0
6179,105,0,0
6180,104,0,0
6181,104,0,-1
6182,105,0,-1
6183,104,0,-1
6184,104,0,-1
6185,104,0,-1
6186,104,0,-1
6187,104,0,-1
6188,104,0,-1
6189,104,0,-1
6190,104,0,-1
6191,104,0,-1
6192,104,0,-1
6193,103,0,-2
6194,104,0,-2
6195,103,0,-2
6196,104,0,-2
6197,104,0,-2
6198,104,0,-2
6199,103,0,-2
6200,103,0,-2
6201,104,0,-2
6202,104,0,-2
6203,103,0,-2
6204,104,0,-2
6205,103,0,-2
6206,104,0,-2
6207,103,0,-3
6208,104,0,-3
6209,103,0,-3
6210,103,0,-3
6211,103,0,-3
6212,103,0,-3
6213,103,0,-3
6214,103,0,-3
6215,104,0,-3
6216,104,0,-3
6217,104,0,-3
6218,104,0,-2
6219,104,0,-2
6220,104,0,-2
6221,105,0,-1
6222,105,0,-1
6223,105,0,-1
6224,105,0,-1
6225,105,0,0
6226,105,0,0
6227,105,0,0
6228,104,0,0
6229,105,0,0
6230,105,0,1
6231,104,0,1
6232,104,0,1
6233,105,0,1
6234,104,0,1
6235,105,0,1
6236,103,0,0
6237,102,0,0
6238,102,0,0
6239,102,0,-1
6240,102,0,-1
6241,101,0,-2
6242,102,0,-2
6243,103,0,-3
6244,102,0,-4
6245,103,0,-4
6246,103,0,-5
6247,102,0,-5
6248,103,0,-6
6249,104,0,-6
6250,104,0,-6
6251,103,0,-7
6252,104,0,-7
6253,103,0,-7
6254,102,0,-6
6255,103,0,-6
6256,104,0,-6
6257,104,0,-6
6258,103,0,-5
6259,104,0,-5
6260,103,0,-5
6261,103,0,-5
6262,105,0,-4
6263,103,0,-4
6264,104,0,-4
6265,104,0,-4
6266,104,0,-4
6267,105,0,-4
6268,104,0,-4
6269,106,0,-3
6270,104,0,-3
6271,105,0,-3
6272,105,0,-3
6273,105,0,-3
6274,105,0,-3
6275,105,0,-2
6276,105,0,-2
6277,106,0,-2
6278,106,0,-2
6279,105,0,-1
6280,106,0,-1
6281,106,0,-1
6282,106,0,-1
6283,105,0,-1
6284,106,0,-1
6285,106,0,-1
6286,106,0,-1
6287,106,0,-1
6288,106,0,0
6289,106,0,0
6290,106,0,0
6291,106,0,0
6292,106,0,0
6293,106,0,0
6294,106,0,0
6295,106,0,0
6296,106,0,0
6297,106,0,0
6298,106,0,0
6299,106,0,0
6300,106,0,0
6301,106,0,0
6302,106,0,0
6303,106,0,0
6304,106,0,0
6305,106,0,0
6306,105,0,0
6307,106,0,0
6308,106,0,0
6309,107,0,0
6310,105,0,0
6311,106,0,0
6312,106,0,0
6313,106,0,0
6314,106,0,0
6315,105,0,0
6316,106,0,0
6317,106,0,0
6318,106,0,0
6319,105,0,-1
6320,104,0,-1
6321,104,0,-1
6322,104,0,-1
6323,104,0,-1
6324,104,0,-1
6325,104,0,-1
6326,104,0,-1
6327,105,0,-1
6328,104,0,-1
6329,104,0,-1
6330,104,0,-1
6331,105,0,0
6332,105,0,0
6333,105,0,0
6334,105,0,0
6335,105,0,0
6336,105,0,0
6337,106,0,0
6338,105,0,1
6339,106,0,1
6340,105,0,1
6341,105,0,1
6342,105,0,1
6343,105,0,1
6344,105,0,1
6345,105,0,1
6346,104,0,1
6347,105,0,1
6348,104,0,0
6349,104,0,0
6350,104,0,-1
6351,102,0,-1
6352,103,0,-1
6353,103,0,-2
6354,103,0,-2
6355,102,0,-3
6356,102,0,-3
6357,102,0,-3
6358,102,0,-3
6359,102,0,-4
6360,103,0,-4
6361,102,0,-4
6362,102,0,-5
6363,102,0,-5
6364,102,0,-5
6365,103,0,-6
6366,103,0,-6
6367,102,0,-6
6368,102,0,-7
6369,103,0,-7
6370,102,0,-7
6371,103,0,-7
6372,103,0,-7
6373,103,0,-7
6374,103,0,-7
6375,103,0,-7
6376,102,0,-6
6377,103,0,-6
6378,103,0,-6
6379,103,0,-5
6380,103,0,-5
6381,103,0,-5
6382,104,0,-4
6383,104,0,-4
6384,103,0,-3
6385,104,0,-3
6386,104,0,-3
6387,104,0,-2
6388,105,0,-2
6389,106,0,-2
6390,106,0,-1
6391,106,0,-1
6392,106,0,-1
6393,106,0,-1
6394,106,0,0
6395,107,0,0
6396,106,0,0
6397,106,0,0
6398,106,0,0
6399,106,0,0
6400,106,0,-1
6401,106,0,-1
6402,106,0,-1
6403,105,0,-1
6404,105,0,-2
6405,106,0,-2
6406,106,0,-2
6407,105,0,-2
6408,105,0,-2
6409,106,0,-2
6410,105,0,-2
6411,105,0,-2
6412,105,0,-2
6413,105,0,-2
6414,106,0,-2
6415,105,0,-2
6416,105,0,-2
6417,105,0,-2
6418,105,0,-2
6419,106,0,-2
6420,105,0,-2
6421,105,0,-2
6422,105,0,-2
6423,106,0,-2
6424,106,0,-2
6425,106,0,-2
6426,106,0,-2
6427,105,0,-3
6428,106,0,-3
6429,105,0,-3
6430,105,0,-3
6431,106,0,-3
6432,104,0,-3
6433,105,0,-4
6434,105,0,-4
6435,104,0,-4
6436,105,0,-4
6437,105,0,-4
6438,105,0,-4
6439,104,0,-4
6440,105,0,-4
6441,104,0,-4
6442,104,0,-4
6443,105,0,-4
6444,105,0,-4
6445,105,0,-4
6446,105,0,-4
6447,106,0,-4
6448,105,0,-3
6449,106,0,-3
6450,105,0,-3
6451,106,0,-3
6452,106,0,-3
6453,106,0,-3
6454,106,0,-2
6455,106,0,-2
6456,106,0,-2
6457,105,0,-2
6458,106,0,-2
6459,106,0,-2
6460,106,0,-2
6461,106,0,-2
6462,105,0,-2
6463,106,0,-3
6464,106,0,-3
6465,105,0,-3
6466,105,0,-3
6467,104,0,-4
6468,105,0,-4
6469,105,0,-4
6470,105,0,-4
6471,105,0,-5
6472,105,0,-5
6473,105,0,-5
6474,105,0,-5
6475,105,0,-6
6476,105,0,-6
6477,105,0,-6
6478,105,0,-6
6479,106,0,-6
6480,105,0,-5
6481,104,0,-5
6482,106,0,-5
6483,106,0,-5
6484,106,0,-4
6485,106,0,-4
6486,106,0,-4
6487,106,0,-4
6488,106,0,-3
6489,106,0,-3
6490,107,0,-3
6491,107,0,-2
6492,107,0,-2
6493,107,0,-1
6494,107,0,-1
6495,107,0,-1
6496,107,0,-1
6497,107,0,0
6498,108,0,0
6499,107,0,0
6500,108,0,0
6501,107,0,0
6502,107,0,0
6503,107,0,0
6504,107,0,0
6505,107,0,0
6506,107,0,-1
6507,107,0,-1
6508,107,0,-1
6509,107,0,-1
6510,106,0,-1
6511,107,0,-1
6512,107,0,-1
6513,107,0,0
6514,107,0,0
6515,107,0,0
6516,107,0,0
6517,107,0,0
6518,107,0,0
6519,107,0,0
6520,107,0,0
6521,107,0,0
6522,107,0,0
6523,106,0,0
6524,106,0,0
6525,107,0,0
6526,106,0,0
6527,107,0,0
6528,107,0,0
6529,106,0,0
6530,106,0,0
6531,106,0,-1
6532,106,0,-1
6533,106,0,-1
6534,107,0,-1
6535,106,0,-1
6536,106,0,-1
6537,106,0,-1
6538,106,0,-1
6539,105,0,-1
6540,105,0,-1
6541,106,0,-1
6542,105,0,-1
6543,106,0,-2
6544,105,0,-2
6545,105,0,-2
6546,105,0,-2
6547,104,0,-2
6548,105,0,-2
6549,104,0,-2
6550,105,0,-2
6551,103,0,-2
6552,104,0,-2
6553,103,0,-2
6554,104,0,-2
6555,104,0,-2
6556,103,0,-2
6557,104,0,-2
6558,104,0,-2
6559,104,0,-2
6560,104,0,-2
6561,105,0,-1
6562,104,0,-2
6563,106,0,-2
6564,104,0,-2
6565,104,0,-2
6566,104,0,-2
6567,104,0,-2
6568,104,0,-2
6569,104,0,-2
6570,104,0,-2
6571,103,0,-2
6572,104,0,-2
6573,104,0,-2
6574,104,0,-2
6575,103,0,-2
6576,103,0,-2
6577,103,0,-2
6578,103,0,-2
6579,104,0,-2
6580,103,0,-3
6581,104,0,-3
6582,104,0,-3
6583,104,0,-3
6584,103,0,-2
6585,104,0,-2
6586,103,0,-2
6587,103,0,-2
6588,104,0,-2
6589,104,0,-2
6590,104,0,-2
6591,103,0,-2
6592,102,0,-2
6593,103,0,-2
6594,103,0,-3
6595,103,0,-3
6596,102,0,-3
6597,102,0,-3
6598,103,0,-3
6599,102,0,-3
6600,102,0,-3
6601,103,0,-3
6602,103,0,-3
6603,102,0,-3
6604,103,0,-3
6605,103,0,-3
6606,102,0,-3
6607,102,0,-3
6608,103,0,-3
6609,103,0,-3
6610,102,0,-3
6611,103,0,-3
6612,103,0,-3
6613,103,0,-3
6614,103,0,-3
6615,103,0,-3
6616,102,0,-3
6617,103,0,-3
6618,103,0,-3
6619,103,0,-3
6620,103,0,-3
6621,103,0,-3
6622,103,0,-3
6623,103,0,-3
6624,103,0,-3
6625,103,0,-4
6626,103,0,-4
6627,102,0,-4
6628,103,0,-4
6629,103,0,-4
6630,102,0,-5
6631,102,0,-5
6632,102,0,-5
6633,102,0,-5
6634,101,0,-5
6635,101,0,-5
6636,102,0,-5
6637,102,0,-5
6638,101,0,-5
6639,100,0,-5
6640,102,0,-5
6641,101,0,-5
6642,101,0,-5
6643,100,0,-5
6644,102,0,-5
6645,103,0,-5
6646,102,0,-5
6647,103,0,-4
6648,103,0,-4
6649,104,0,-4
6650,102,0,-4
6651,102,0,-4
6652,103,0,-3
6653,102,0,-3
6654,101,0,-3
6655,103,0,-3
6656,102,0,-3
6657,103,0,-3
6658,102,0,-3
6659,102,0,-3
6660,102,0,-3
6661,108,0,-3
6662,108,0,-3
6663,113,0,-3
6664,427,0,-3
6665,436,0,-3
6666,433,0,-3
6667,429,0,-3
6668,427,0,-4
6669,425,0,-4
6670,424,0,-4
6671,426,0,-4
6672,430,0,-4
6673,435,0,-5
6674,437,0,-5
6675,436,0,-5
6676,440,0,-5
6677,439,0,-5
6678,442,0,-5
6679,445,0,-5
6680,447,0,-5
6681,445,0,-5
6682,443,0,-5
6683,438,0,-5
6684,438,0,-5
6685,436,0,-5
6686,434,0,-4
6687,429,0,-4
6688,426,0,-4
6689,424,0,-4
6690,425,0,-3
6691,428,0,-3
6692,430,0,-3
6693,433,0,-3
6694,436,0,-3
6695,437,0,-2
6696,436,0,-2
6697,435,0,-2
6698,434,0,-2
6699,433,0,-2
6700,432,0,-2
6701,433,0,-1
6702,433,0,-1
6703,433,0,-1
6704,434,0,-1
6705,434,0,-1
6706,437,0,-1
6707,439,0,-2
6708,440,0,-2
6709,441,0,-2
6710,442,0,-2
6711,444,0,-2
6712,447,0,-3
6713,495,0,-3
6714,538,0,-3
6715,470,0,-3
6716,436,0,-3
6717,418,0,-3
6718,413,0,-4
6719,406,0,-4
6720,409,0,-4
6721,414,0,-4
6722,418,0,-5
6723,430,0,-5
6724,421,0,-5
6725,415,0,-6
6726,415,0,-6
6727,412,0,-6
6728,413,0,-6
6729,411,0,-6
6730,409,0,-7
6731,413,0,-7
6732,411,0,-7
6733,414,0,-7
6734,412,0,-7
6735,416,0,-6
6736,418,0,-6
6737,415,0,-6
6738,414,0,-6
6739,1022,0,-6
6740,1007,0,-6
6741,409,0,-6
6742,653,0,-6
6743,663,0,-7
6744,587,0,-7
6745,522,0,-7
6746,510,0,-7
6747,501,0,-7
6748,492,0,-7
6749,489,0,-7
6750,498,0,-7
6751,511,0,-7
6752,530,0,-7
6753,657,0,-7
6754,992,0,-7
6755,1001,0,-6
6756,1002,0,-6
6757,1013,0,-5
6758,461,0,-5
6759,494,0,-4
6760,482,0,-4
6761,429,0,-3
6762,421,0,-3
6763,414,0,-2
6764,411,0,-1
6765,413,0,-1
6766,414,0,0
6767,416,0,0
6768,415,0,0
6769,416,0,0
6770,411,0,0
6771,414,0,0
6772,420,0,0
6773,426,0,0
6774,432,0,0
6775,456,0,0
6776,476,0,-1
6777,487,0,-1
6778,496,0,-1
6779,499,0,-1
6780,501,0,-1
6781,502,0,-1
6782,503,0,-1
6783,505,0,-1
6784,506,0,-1
6785,505,0,-1
6786,504,0,-1
6787,506,0,-1
6788,513,0,-1
6789,522,0,-1
6790,542,0,-1
6791,573,0,-1
6792,592,0,-1
6793,602,0,-1
6794,589,0,-1
6795,564,0,-1
6796,535,0,-1
6797,527,0,0
6798,515,0,0
6799,519,0,0
6800,551,0,0
6801,598,0,0
6802,622,0,0
6803,633,0,0
6804,619,0,0
6805,1012,0,0
6806,1015,0,0
6807,1011,0,0
6808,129,0,0
6809,115,0,-1
6810,112,0,-1
6811,98,0,-1
6812,98,0,-1
6813,100,0,-1
6814,100,0,-2
6815,97,0,-2
6816,96,0,-3
6817,97,0,-3
6818,96,0,-3
6819,95,0,-4
6820,95,0,-4
6821,94,0,-4
6822,94,0,-4
6823,94,0,-4
6824,93,0,-4
6825,95,0,-4
6826,94,0,-4
6827,94,0,-4
6828,95,0,-4
6829,96,0,-4
6830,97,0,-3
6831,98,0,-3
6832,100,0,-3
6833,100,0,-2
6834,101,0,-2
6835,102,0,-2
6836,101,0,-1
6837,101,0,-1
6838,103,0,-1
6839,103,0,-1
6840,103,0,-1
6841,102,0,-1
6842,102,0,-1
6843,102,0,0
6844,101,0,0
6845,103,0,0
6846,103,0,0
6847,105,0,0
6848,105,0,0
6849,105,0,1
6850,106,0,1
6851,105,0,1
6852,106,0,1
6853,106,0,1
6854,106,0,1
6855,106,0,1
6856,105,0,1
6857,105,0,1
6858,106,0,2
6859,105,0,2
6860,105,0,2
6861,105,0,2
6862,105,0,2
6863,102,0,2
6864,103,0,1
6865,101,0,1
6866,98,0,1
6867,98,0,0
6868,98,0,0
6869,96,0,0
6870,95,0,-1
6871,92,0,-1
6872,92,0,-2
6873,91,0,-2
6874,91,0,-3
6875,92,0,-3
6876,92,0,-4
6877,95,0,-4
6878,105,0,-4
6879,1,0,-5
6880,145,0,-5
6881,132,0,-5
6882,831,0,-6
6883,103,0,-5
6884,95,0,-5
6885,93,0,-5
6886,92,0,-5
6887,92,0,-5
6888,92,0,-5
6889,92,0,-5
6890,93,0,-5
6891,92,0,-5
6892,93,0,-5
6893,92,0,-5
6894,93,0,-5
6895,92,0,-5
6896,92,0,-5
6897,93,0,-5
6898,92,0,-5
6899,92,0,-4
6900,93,0,-4
6901,91,0,-4
6902,91,0,-4
6903,93,0,-4
6904,92,0,-4
6905,93,0,-4
6906,93,0,-4
6907,93,0,-3
6908,94,0,-3
6909,94,0,-3
6910,95,0,-2
6911,96,0,-2
6912,96,0,-2
6913,97,0,-2
6914,98,0,-2
6915,96,0,-2
6916,96,0,-2
6917,97,0,-2
6918,96,0,-2
6919,96,0,-2
6920,95,0,-2
6921,95,0,-2
6922,96,0,-2
6923,108,0,-2
6924,93,0,-3
6925,90,0,-3
6926,89,0,-3
6927,87,0,-4
6928,83,0,-4
6929,88,0,-4
6930,89,0,-5
6931,90,0,-5
6932,90,0,-5
6933,91,0,-5
6934,91,0,-5
6935,91,0,-5
6936,91,0,-5
6937,92,0,-5
6938,92,0,-5
6939,91,0,-5
6940,91,0,-5
6941,92,0,-5
6942,93,0,-5
6943,89,0,-5
6944,92,0,-5
6945,93,0,-6
6946,91,0,-6
6947,94,0,-6
6948,96,0,-6
6949,98,0,-7
6950,96,0,-7
6951,97,0,-7
6952,103,0,-7
6953,107,0,-7
6954,108,0,-7
6955,108,0,-7
6956,108,0,-6
6957,108,0,-6
6958,107,0,-6
6959,108,0,-6
6960,108,0,-6
6961,104,0,-5
6962,103,0,-5
6963,100,0,-5
6964,98,0,-5
6965,98,0,-4
6966,98,0,-4
6967,98,0,-4
6968,99,0,-3
6969,104,0,-3
6970,109,0,-3
6971,108,0,-3
6972,107,0,-3
6973,108,0,-3
6974,109,0,-3
6975,109,0,-3
6976,108,0,-3
6977,109,0,-3
6978,108,0,-3
6979,108,0,-3
6980,109,0,-3
6981,108,0,-3
6982,108,0,-3
6983,108,0,-3
6984,108,0,-3
6985,108,0,-3
6986,108,0,-3
6987,108,0,-3
6988,108,0,-3
6989,107,0,-3
6990,107,0,-3
6991,107,0,-3
6992,107,0,-4
6993,107,0,-4
6994,107,0,-4
6995,107,0,-4
6996,107,0,-4
6997,108,0,-4
6998,108,0,-4
6999,107,0,-4
7000,107,0,-4
7001,107,0,-4
7002,107,0,-4
7003,108,0,-3
7004,108,0,-3
7005,109,0,-3
7006,108,0,-3
7007,108,0,-3
7008,108,0,-3
7009,109,0,-3
7010,108,0,-3
7011,108,0,-3
7012,108,0,-3
7013,109,0,-3
7014,108,0,-3
7015,108,0,-3
7016,108,0,-3
7017,108,0,-3
7018,108,0,-3
7019,108,0,-3
7020,108,0,-3
7021,108,0,-3
7022,108,0,-3
7023,109,0,-3
7024,108,0,-3
7025,109,0,-3
7026,109,0,-3
7027,109,0,-3
7028,109,0,-3
7029,108,0,-3
7030,107,0,-3
7031,108,0,-3
7032,108,0,-3
7033,108,0,-3
7034,108,0,-3
7035,108,0,-3
7036,108,0,-3
7037,107,0,-3
7038,108,0,-3
7039,108,0,-3
7040,107,0,-3
7041,108,0,-3
7042,107,0,-3
7043,108,0,-3
7044,108,0,-3
7045,107,0,-3
7046,108,0,-3
7047,108,0,-3
7048,107,0,-3
7049,108,0,-3
7050,107,0,-3
7051,107,0,-3
7052,108,0,-3
7053,108,0,-3
7054,107,0,-3
7055,107,0,-3
7056,108,0,-3
7057,108,0,-3
7058,107,0,-3
7059,107,0,-3
7060,108,0,-3
7061,108,0,-3
7062,108,0,-3
7063,108,0,-3
7064,108,0,-3
7065,108,0,-3
7066,108,0,-3
7067,108,0,-3
7068,108,0,-3
7069,107,0,-3
7070,107,0,-3
7071,108,0,-3
7072,107,0,-3
7073,108,0,-3
7074,107,0,-3
7075,107,0,-3
7076,108,0,-3
7077,107,0,-3
7078,108,0,-3
7079,107,0,-3
7080,106,0,-3
7081,106,0,-3
7082,106,0,-3
7083,106,0,-3
7084,106,0,-3
7085,106,0,-3
7086,107,0,-3
7087,107,0,-3
7088,106,0,-3
7089,106,0,-3
7090,106,0,-3
7091,107,0,-3
7092,107,0,-3
7093,106,0,-3
7094,106,0,-3
7095,107,0,-3
7096,107,0,-3
7097,106,0,-3
7098,106,0,-3
7099,106,0,-3
7100,107,0,-3
7101,106,0,-3
7102,106,0,-3
7103,106,0,-3
7104,106,0,-3
7105,106,0,-3
7106,106,0,-3
7107,106,0,-3
7108,107,0,-3
7109,106,0,-3
7110,106,0,-3
7111,106,0,-3
7112,107,0,-3
7113,106,0,-3
7114,107,0,-3
7115,105,0,-3
7116,107,0,-3
7117,106,0,-3
7118,106,0,-3
7119,107,0,-3
7120,106,0,-3
7121,106,0,-3
7122,106,0,-3
7123,106,0,-3
7124,107,0,-3
7125,106,0,-3
7126,106,0,-3
7127,107,0,-3
7128,106,0,-3
7129,106,0,-3
7130,107,0,-3
7131,106,0,-3
7132,107,0,-3
7133,106,0,-3
7134,107,0,-3
7135,106,0,-3
7136,106,0,-3
7137,107,0,-3
7138,106,0,-3
7139,107,0,-3
7140,106,0,-3
7141,106,0,-3
7142,107,0,-3
7143,106,0,-3
7144,106,0,-3
7145,106,0,-3
7146,105,0,-3
7147,106,0,-3
7148,106,0,-3
7149,106,0,-3
7150,106,0,-3
7151,106,0,-3
7152,106,0,-3
7153,107,0,-3
7154,106,0,-3
7155,106,0,-3
7156,107,0,-3
7157,106,0,-3
7158,107,0,-3
7159,106,0,-3
7160,106,0,-3
7161,106,0,-3
7162,106,0,-3
7163,106,0,-3
7164,106,0,-3
