id,sensor1,sensor2,sensor3
0,106,0,-3
1,106,0,-3
2,106,0,-3
3,107,0,-3
4,107,0,-3
5,106,0,-3
6,106,0,-3
7,106,0,-3
8,107,0,-3
9,107,0,-3
10,106,0,-3
11,107,0,-3
12,106,0,-3
13,106,0,-3
14,107,0,-3
15,106,0,-3
16,107,0,-3
17,107,0,-3
18,107,0,-3
19,107,0,-3
20,107,0,-3
21,106,0,-3
22,107,0,-3
23,106,0,-3
24,107,0,-3
25,106,0,-3
26,106,0,-3
27,107,0,-3
28,107,0,-3
29,107,0,-3
30,107,0,-3
31,106,0,-3
32,106,0,-3
33,106,0,-3
34,107,0,-3
35,106,0,-3
36,106,0,-3
37,106,0,-3
38,107,0,-3
39,107,0,-3
40,106,0,-3
41,107,0,-3
42,106,0,-3
43,107,0,-3
44,107,0,-3
45,106,0,-3
46,106,0,-3
47,106,0,-3
48,106,0,-3
49,107,0,-3
50,106,0,-3
51,106,0,-3
52,107,0,-3
53,107,0,-3
54,106,0,-3
55,106,0,-3
56,106,0,-3
57,106,0,-3
58,106,0,-3
59,107,0,-3
60,107,0,-3
61,106,0,-3
62,106,0,-3
63,107,0,-3
64,106,0,-3
65,107,0,-3
66,106,0,-3
67,106,0,-3
68,107,0,-3
69,106,0,-3
70,107,0,-3
71,106,0,-3
72,106,0,-3
73,107,0,-3
74,106,0,-3
75,107,0,-3
76,107,0,-3
77,107,0,-3
78,107,0,-3
79,105,0,-3
80,106,0,-3
81,107,0,-3
82,107,0,-3
83,106,0,-3
84,106,0,-3
85,106,0,-3
86,107,0,-3
87,107,0,-3
88,106,0,-3
89,106,0,-3
90,106,0,-3
91,105,0,-3
92,106,0,-3
93,106,0,-3
94,106,0,-3
95,106,0,-3
96,106,0,-3
97,106,0,-3
98,106,0,-3
99,106,0,-3
100,107,0,-3
101,106,0,-3
