id,sensor1,sensor2,sensor3
0,105,102,-2
1,82,102,-2
2,93,102,-2
3,93,102,-2
4,105,91,-2
5,105,102,-2
6,105,59,-2
7,105,102,-2
8,-2,,
9,75,61,-2
10,105,102,-2
11,105,66,-2
12,105,102,-2
13,82,102,-2
14,93,102,-2
15,93,102,-2
16,105,91,-2
17,105,102,-2
18,105,59,-2
19,105,102,-2
20,105,84,0
21,105,102,0
22,105,89,0
23,105,102,0
24,88,102,0
25,105,102,0
26,72,102,0
27,105,102,0
28,105,69,0
29,105,87,0
30,105,102,0
31,70,102,0
32,105,102,0
33,75,56,0
34,62,97,0
35,55,97,0
36,105,82,0
37,105,102,0
38,77,102,0
39,105,102,0
40,72,64,0
41,105,102,0
42,105,69,0
43,105,102,0
44,80,102,0
45,88,102,0
46,95,102,0
47,105,79,0
48,105,102,0
49,105,69,0
50,105,102,0
51,88,102,0
52,105,102,0
53,82,102,0
54,105,102,0
55,105,54,0
56,105,87,0
57,98,102,0
58,87,102,0
59,105,102,0
60,105,79,0
61,105,102,0
62,105,64,0
63,105,102,0
64,75,102,0
65,105,102,0
66,85,97,0
67,105,94,0
68,105,87,0
69,105,62,0
70,105,102,0
71,70,102,0
72,105,102,0
73,65,49,0
74,105,102,0
75,105,54,0
76,105,102,0
77,85,102,0
78,105,102,0
79,103,102,0
80,103,74,-1
81,103,102,-1
