id,sensor1,sensor2,sensor3
0,107,0,-3
1,106,0,-3
2,106,0,-3
3,106,0,-3
4,106,0,-3
5,106,0,-3
6,107,0,-3
7,106,0,-3
8,107,0,-3
9,106,0,-3
10,106,0,-3
11,107,0,-3
12,106,0,-3
13,105,0,-3
14,105,0,-3
15,105,0,-3
16,106,0,-3
17,105,0,-3
18,105,0,-3
19,105,0,-3
20,106,0,-3
21,106,0,-3
22,105,0,-3
23,105,0,-3
24,106,0,-3
25,105,0,-3
26,105,0,-3
27,106,0,-3
28,105,0,-3
29,105,0,-3
30,105,0,-3
31,106,0,-3
32,105,0,-3
33,105,0,-3
34,104,0,-3
35,105,0,-3
36,105,0,-3
37,105,0,-3
38,105,0,-3
39,105,0,-3
40,105,0,-3
41,105,0,-3
42,106,0,-3
43,105,0,-3
44,106,0,-3
