id,sensor1,sensor2,sensor3
0,106,0,-3
1,105,0,-3
2,106,0,-3
3,105,0,-3
4,106,0,-3
5,106,0,-3
6,107,0,-3
7,107,0,-3
8,106,0,-3
9,106,0,-3
10,107,0,-3
11,106,0,-3
12,106,0,-3
13,106,0,-3
14,106,0,-3
15,106,0,-3
16,106,0,-3
17,106,0,-3
18,107,0,-3
19,106,0,-3
20,106,0,-3
21,107,0,-3
22,106,0,-3
23,107,0,-3
24,106,0,-3
25,106,0,-3
26,107,0,-3
27,107,0,-3
28,106,0,-3
29,106,0,-3
30,107,0,-3
31,106,0,-3
32,107,0,-3
33,106,0,-3
34,107,0,-3
35,106,0,-3
36,106,0,-3
37,107,0,-3
38,106,0,-3
39,106,0,-3
40,105,0,-3
41,106,0,-3
42,106,0,-3
43,106,0,-3
44,106,0,-3
45,106,0,-3
46,106,0,-3
47,106,0,-3
48,107,0,-3
49,107,0,-3
50,107,0,-3
51,106,0,-3
52,106,0,-3
53,106,0,-3
54,106,0,-3
55,106,0,-3
56,106,0,-3
57,106,0,-3
58,106,0,-3
59,107,0,-3
60,106,0,-3
61,107,0,-3
62,106,0,-3
63,107,0,-3
64,106,0,-3
65,106,0,-3
66,106,0,-3
67,106,0,-3
68,106,0,-3
69,106,0,-3
70,106,0,-3
71,106,0,-3
72,106,0,-3
73,106,0,-3
74,106,0,-3
75,106,0,-3
76,106,0,-3
77,106,0,-3
78,107,0,-3
79,106,0,-3
80,106,0,-3
81,107,0,-3
82,106,0,-3
83,106,0,-3
84,106,0,-3
85,107,0,-3
86,106,0,-3
87,106,0,-3
88,106,0,-3
89,106,0,-3
90,106,0,-3
91,106,0,-3
92,106,0,-3
93,106,0,-3
94,106,0,-3
95,106,0,-3
96,106,0,-3
97,107,0,-3
98,107,0,-3
99,106,0,-3
100,106,0,-3
101,107,0,-3
102,106,0,-3
103,106,0,-3
104,106,0,-3
105,106,0,-3
106,106,0,-3
107,106,0,-3
