id,sensor1,sensor2,sensor3
0,103,0,
1,103,66,-1
2,90,56,0
3,103,51,-1
4,103,51,-3
5,70,66,-2
6,103,102,-5
7,100,102,-2
8,103,102,-3
9,103,99,-4
10,103,54,-3
11,88,64,-3
12,67,76,-4
13,103,102,-4
14,88,69,-3
15,100,104,-3
16,100,74,-3
17,100,104,-4
18,98,104,-6
19,67,97,-5
20,100,74,-6
21,103,64,-5
22,103,69,-5
23,103,74,-5
24,103,104,-5
25,70,104,-3
26,98,104,-6
27,77,104,-5
28,65,77,-5
29,65,77,-4
30,62,51,-5
31,70,104,-5
32,85,107,-3
33,88,104,-3
34,85,104,-2
35,103,92,-4
36,103,102,-4
37,103,89,-3
38,75,102,-3
39,62,104,-2
40,80,102,-4
41,75,59,-5
42,105,102,-5
43,108,102,-4
44,95,102,-4
45,80,104,-5
46,82,104,-6
47,90,104,-5
48,103,89,-5
49,105,84,-4
50,103,92,-4
51,103,104,-2
52,90,104,-5
53,70,104,-4
54,72,104,-4
55,103,104,-4
56,103,104,-3
57,110,92,-3
58,93,102,-4
59,80,102,-3
60,100,102,-4
61,103,77,-4
62,82,102,-3
63,65,74,-3
64,70,89,-4
65,100,104,-4
66,100,112,-4
67,100,107,-4
68,100,77,-3
69,95,82,-2
70,95,71,-6
71,98,107,-4
72,93,107,-3
73,100,107,-3
74,70,106,-3
75,100,104,-4
76,100,71,-3
77,100,87,-3
78,100,104,-2
79,70,104,-1
80,100,104,-1
81,70,66,-2
82,103,104,-2
83,103,59,-2
84,105,64,-1
85,93,99,-1
86,103,99,-1
87,100,97,0
88,98,89,-1
89,98,87,0
90,95,74,-3
91,95,51,-5
