id,sensor1,sensor2,sensor3
0,67,69,0
1,67,69,0
2,67,69,-1
3,67,69,-1
4,67,59,-1
5,67,69,-1
6,67,69,0
7,67,69,0
8,67,69,0
9,67,69,0
10,67,69,0
11,67,69,0
12,67,69,0
13,70,69,0
14,70,74,6
15,70,79,1
16,77,82,0
17,62,82,7
18,90,94,-1
19,95,99,5
20,98,102,4
21,93,107,5
22,90,114,0
23,90,109,4
24,90,109,2
25,88,109,4
26,95,109,2
27,95,112,3
28,95,112,2
29,95,112,3
30,93,112,3
31,93,114,6
32,70,114,1
33,90,117,4
34,90,114,-2
35,93,114,5
36,88,102,4
37,90,117,4
38,77,117,2
39,85,119,3
40,88,117,2
41,88,117,5
42,85,74,3
43,85,114,3
44,85,119,2
45,82,122,5
46,82,122,2
47,83,114,5
48,82,72,4
49,82,79,3
50,80,124,2
51,62,127,6
52,60,124,2
53,57,124,6
54,57,107,3
55,62,77,2
56,67,129,4
57,70,129,5
58,82,129,0
59,82,129,5
60,77,132,3
61,75,99,1
62,75,107,4
63,75,114,5
64,75,102,0
65,75,99,7
66,72,72,2
67,72,97,2
68,70,57,8
69,72,134,2
70,70,134,2
71,70,134,8
72,67,139,4
73,67,137,1
74,67,54,6
75,67,112,1
76,65,139,7
77,65,139,4
78,65,142,6
79,65,137,3
80,65,72,6
81,62,104,3
82,60,144,7
83,62,144,3
84,60,147,5
85,60,137,2
86,60,77,6
87,57,66,4
88,67,147,6
89,70,147,1
90,57,134,4
91,57,147,2
92,57,104,8
93,55,66,4
94,57,129,5
95,55,139,2
96,52,152,6
97,52,64,2
98,55,134,5
99,52,124,6
100,52,109,2
101,52,152,4
102,49,152,7
103,49,149,1
104,52,134,7
105,49,122,6
106,49,77,1
107,49,114,7
108,49,122,4
109,47,89,3
110,49,122,4
111,47,127,6
112,47,129,3
113,47,104,4
114,47,127,5
115,44,159,6
116,47,159,4
117,44,72,6
118,44,119,3
119,44,72,4
120,42,107,5
121,44,144,6
122,42,132,2
123,42,107,8
124,39,109,4
125,42,59,3
126,39,84,8
127,42,129,3
128,39,139,4
129,42,149,7
130,37,102,8
131,39,94,1
132,39,82,5
133,39,94,3
134,37,167,7
135,39,167,5
136,37,169,5
137,39,167,3
138,39,51,9
139,34,102,5
140,33,172,8
141,33,114,6
142,31,117,7
143,31,114,1
144,31,139,1
145,31,59,2
146,37,54,-3
147,39,54,2
148,37,167,2
149,39,167,-4
150,42,162,-4
151,28,159,-3
152,18,41,-1
153,18,107,15
154,39,164,12
155,37,169,7
156,37,122,-3
157,39,159,-4
158,42,69,-1
159,39,46,-7
160,26,152,-5
161,28,94,3
162,28,94,7
163,31,129,6
164,31,94,6
165,31,79,6
166,31,94,6
167,31,94,6
168,31,84,6
169,31,44,6
