id,sensor1,sensor2,sensor3
0,106,0,-3
1,106,0,-3
2,106,0,-3
3,106,0,-3
4,106,0,-3
5,107,0,-3
6,107,0,-3
7,107,0,-3
8,107,0,-3
9,106,0,-3
10,106,0,-3
11,107,0,-3
12,106,0,-3
13,106,0,-3
14,106,0,-3
15,106,0,-3
16,107,0,-3
17,106,0,-3
18,106,0,-3
19,106,0,-3
20,107,0,-3
21,106,0,-3
22,106,0,-3
23,106,0,-3
24,106,0,-3
25,106,0,-3
26,106,0,-3
27,107,0,-3
28,106,0,-3
29,106,0,-3
30,107,0,-3
31,106,0,-3
32,106,0,-3
33,106,0,-3
34,106,0,-3
35,107,0,-3
36,106,0,-3
37,107,0,-3
38,106,0,-3
39,106,0,-3
40,106,0,-3
41,107,0,-3
42,106,0,-3
43,106,0,-3
44,106,0,-3
45,106,0,-3
46,106,0,-3
47,107,0,-3
48,106,0,-3
49,107,0,-3
50,106,0,-3
51,107,0,-3
52,106,0,-3
53,107,0,-3
54,107,0,-3
55,107,0,-3
56,107,0,-3
57,107,0,-3
58,106,0,-3
59,106,0,-3
60,105,0,-3
61,105,0,-3
62,106,0,-3
63,105,0,-3
64,105,0,-3
65,105,0,-3
66,105,0,-3
67,106,0,-3
68,105,0,-3
69,105,0,-3
70,105,0,-3
71,105,0,-3
72,106,0,-3
73,105,0,-3
74,104,0,-3
75,105,0,-3
76,105,0,-3
77,105,0,-3
78,105,0,-3
79,105,0,-3
80,105,0,-3
81,105,0,-3
82,106,0,-3
83,105,0,-3
84,105,0,-3
85,105,0,-3
86,105,0,-3
87,105,0,-3
88,106,0,-3
89,104,0,-3
90,105,0,-3
91,105,0,-3
92,105,0,-3
93,106,0,-3
94,105,0,-3
95,105,0,-3
96,105,0,-3
97,105,0,-3
98,105,0,-3
99,106,0,-3
100,105,0,-3
101,105,0,-3
102,105,0,-3
103,105,0,-3
104,106,0,-3
105,105,0,-3
106,106,0,-3
107,106,0,-3
108,106,0,-3
109,105,0,-3
110,105,0,-3
111,105,0,-3
112,105,0,-3
113,106,0,-3
114,104,0,-3
115,105,0,-3
116,105,0,-3
117,106,0,-3
118,105,0,-3
119,105,0,-3
120,105,0,-3
121,105,0,-3
122,105,0,-3
123,105,0,-3
124,105,0,-3
125,105,0,-3
126,106,0,-3
127,105,0,-3
128,105,0,-3
129,105,0,-3
130,105,0,-3
131,105,0,-3
132,105,0,-3
133,106,0,-3
134,105,0,-3
135,105,0,-3
136,105,0,-3
137,106,0,-3
138,105,0,-3
139,106,0,-3
140,107,0,-3
141,107,0,-3
142,106,0,-3
143,106,0,-3
144,106,0,-3
145,106,0,-3
146,106,0,-3
147,107,0,-3
148,106,0,-3
149,107,0,-3
150,106,0,-3
151,106,0,-3
152,106,0,-3
153,107,0,-3
154,105,0,-3
155,106,0,-3
156,106,0,-3
157,106,0,-3
158,106,0,-3
159,105,0,-3
160,106,0,-3
161,106,0,-3
162,106,0,-3
163,106,0,-3
164,106,0,-3
165,106,0,-3
166,105,0,-3
167,106,0,-3
168,106,0,-3
169,106,0,-3
170,106,0,-3
171,106,0,-3
172,106,0,-3
173,106,0,-3
174,106,0,-3
175,106,0,-3
176,106,0,-3
177,106,0,-3
178,106,0,-3
179,106,0,-3
180,106,0,-3
181,106,0,-3
182,106,0,-3
183,105,0,-3
184,106,0,-3
185,106,0,-3
186,106,0,-3
187,106,0,-3
188,105,0,-3
189,106,0,-3
190,106,0,-3
191,106,0,-3
192,106,0,-3
193,106,0,-3
194,106,0,-3
195,106,0,-3
196,106,0,-3
197,106,0,-4
198,106,0,-4
199,105,0,-4
200,106,0,-4
201,106,0,-4
202,105,0,-4
203,106,0,-3
204,106,0,-3
205,106,0,-3
206,105,0,-3
207,106,0,-4
208,106,0,-4
209,106,0,-3
210,106,0,-3
211,107,0,-3
212,106,0,-3
213,106,0,-3
214,106,0,-3
215,106,0,-3
216,106,0,-3
217,107,0,-3
218,107,0,-3
219,107,0,-3
220,107,0,-3
221,107,0,-3
222,107,0,-3
223,108,0,-2
224,108,0,-2
225,107,0,-2
226,108,0,-2
227,108,0,-2
228,109,0,-1
229,110,0,-1
230,109,0,-1
231,109,0,-1
232,110,0,-1
233,110,0,-1
234,110,0,-1
235,111,0,0
236,112,0,0
237,112,0,0
238,110,0,0
239,110,0,0
240,108,0,0
241,106,0,0
242,106,0,0
243,105,0,0
244,105,0,0
245,105,0,0
246,106,0,0
247,108,0,0
248,110,0,0
249,111,0,0
250,111,0,0
251,112,0,0
252,112,0,0
253,111,0,0
254,112,0,0
255,111,0,0
256,111,0,0
257,111,0,0
258,111,0,0
259,110,0,0
260,110,0,0
261,110,0,0
262,111,0,0
263,109,0,0
264,107,0,0
265,104,0,0
266,104,0,0
267,101,0,0
268,104,0,0
269,105,0,0
270,104,0,0
271,105,0,0
272,106,0,0
273,104,0,1
274,104,0,1
275,104,0,1
276,103,0,1
277,106,0,1
278,104,0,1
279,102,0,1
280,105,0,1
281,105,0,1
282,105,0,0
283,104,0,0
284,107,0,0
285,104,0,0
286,106,0,0
287,104,0,0
288,105,0,0
289,104,0,0
290,104,0,0
291,102,0,0
292,103,0,0
293,103,0,0
294,103,0,0
295,105,0,0
296,104,0,0
297,105,0,0
298,103,0,0
299,103,0,0
300,104,0,0
301,106,0,0
302,104,0,0
303,103,0,0
304,104,0,0
305,104,0,0
306,103,0,0
307,103,0,0
308,103,0,0
309,103,0,0
310,103,0,0
311,103,0,0
312,103,0,0
313,103,0,0
314,104,0,0
315,103,0,0
316,102,0,0
317,105,0,0
318,103,0,0
319,102,0,0
320,102,0,0
321,103,0,0
322,103,0,0
323,103,0,0
324,102,0,0
325,102,0,0
326,102,0,0
327,102,0,0
328,100,0,0
329,103,0,0
330,101,0,0
331,103,0,0
332,102,0,0
333,104,0,0
334,101,0,0
335,102,0,0
336,103,0,0
337,102,0,0
338,102,0,0
339,102,0,0
340,102,0,0
341,102,0,0
342,102,0,0
343,102,0,0
344,102,0,0
345,103,0,0
346,102,0,0
347,102,0,0
348,102,0,0
349,102,0,0
350,101,0,0
351,101,0,0
352,101,0,0
353,99,0,0
354,103,0,0
355,103,0,0
356,101,0,0
357,101,0,0
358,101,0,0
359,102,0,0
360,102,0,0
361,102,0,0
362,102,0,0
363,102,0,0
364,102,0,0
365,102,0,0
366,103,0,0
367,102,0,0
368,101,0,0
369,102,0,0
370,100,0,0
371,103,0,0
372,100,0,0
373,102,0,0
374,101,0,0
375,101,0,0
376,101,0,0
377,102,0,0
378,101,0,0
379,101,0,0
380,102,0,0
381,101,0,0
382,101,0,0
383,101,0,0
384,101,0,0
385,101,0,0
386,99,0,0
387,102,0,0
388,101,0,0
389,101,0,0
390,101,0,0
391,103,0,0
392,101,0,0
393,101,0,0
394,101,0,0
395,101,0,0
396,102,0,0
397,101,0,0
398,102,0,0
399,99,0,0
400,101,0,0
401,100,0,0
402,102,0,0
403,101,0,0
404,101,0,0
405,102,0,0
406,102,0,0
407,102,0,0
408,101,0,0
409,101,0,0
410,101,0,0
411,101,0,0
412,102,0,0
413,101,0,0
414,101,0,0
415,102,0,0
416,101,0,0
417,102,0,0
418,101,0,0
419,103,0,0
420,102,0,0
421,102,0,0
422,102,0,0
423,103,0,0
424,103,0,0
425,102,0,0
426,102,0,0
427,103,0,0
428,102,0,0
429,101,0,0
430,102,0,0
431,102,0,0
432,103,0,0
433,102,0,0
434,102,0,0
435,102,0,0
436,102,0,0
437,102,0,0
438,102,0,0
439,102,0,0
440,100,0,0
441,101,0,0
442,103,0,0
443,102,0,0
444,103,0,0
445,102,0,0
446,102,0,0
447,103,0,0
448,102,0,0
449,101,0,0
450,101,0,0
451,103,0,0
452,103,0,0
453,102,0,0
454,102,0,0
455,103,0,0
456,102,0,0
457,102,0,0
458,102,0,0
459,102,0,0
460,100,0,0
461,102,0,0
462,103,0,0
463,103,0,0
464,102,0,0
465,102,0,0
466,102,0,0
467,100,0,0
468,103,0,0
469,103,0,0
470,103,0,0
471,103,0,0
472,103,0,0
473,103,0,0
474,104,0,0
475,102,0,0
476,102,0,0
477,104,0,0
478,103,0,0
479,102,0,0
480,102,0,0
481,103,0,0
482,102,0,0
483,104,0,0
484,103,0,0
485,102,0,0
486,103,0,0
487,103,0,0
488,103,0,0
489,104,0,0
490,103,0,0
491,103,0,0
492,103,0,0
493,103,0,0
494,104,0,0
495,103,0,0
496,101,0,0
497,103,0,0
498,103,0,0
499,103,0,0
500,103,0,0
501,103,0,0
502,103,0,0
503,105,0,0
504,103,0,0
505,104,0,0
506,104,0,0
507,101,0,0
508,103,0,0
509,103,0,0
510,103,0,0
511,102,0,0
512,104,0,0
513,104,0,0
514,103,0,0
515,103,0,0
516,103,0,0
517,103,0,0
518,103,0,0
519,103,0,0
520,103,0,0
521,103,0,0
522,104,0,0
523,103,0,0
524,103,0,0
525,104,0,0
526,103,0,0
527,103,0,0
528,101,0,0
529,104,0,0
530,104,0,0
531,104,0,0
532,103,0,0
533,103,0,0
534,101,0,0
535,103,0,0
536,102,0,0
537,103,0,0
538,102,0,0
539,104,0,0
540,103,0,0
541,103,0,0
542,104,0,0
543,104,0,0
544,103,0,0
545,104,0,0
546,104,0,0
547,102,0,0
548,103,0,0
549,104,0,0
550,102,0,0
551,104,0,0
552,103,0,0
553,103,0,0
554,103,0,0
555,103,0,0
556,103,0,0
557,103,0,0
558,104,0,0
559,104,0,0
560,101,0,0
561,103,0,0
562,103,0,0
563,103,0,0
564,104,0,0
565,103,0,0
566,103,0,0
567,104,0,0
568,104,0,0
569,103,0,0
570,102,0,0
571,102,0,0
572,102,0,0
573,102,0,0
574,102,0,0
575,101,0,0
576,103,0,0
577,102,0,0
578,102,0,0
579,101,0,0
580,102,0,0
581,102,0,0
582,103,0,0
583,100,0,0
584,103,0,0
585,102,0,0
586,102,0,0
587,102,0,0
588,103,0,0
589,104,0,0
590,102,0,0
591,102,0,0
592,103,0,0
593,103,0,0
594,102,0,0
595,103,0,0
596,102,0,0
597,101,0,0
598,103,0,0
599,102,0,0
600,101,0,0
601,103,0,0
602,103,0,0
603,103,0,0
604,105,0,0
605,102,0,0
606,102,0,0
607,102,0,0
608,102,0,0
609,101,0,0
610,102,0,0
611,102,0,0
612,101,0,0
613,100,0,0
614,101,0,0
615,101,0,0
616,101,0,0
617,101,0,0
618,101,0,0
619,101,0,0
620,104,0,0
621,101,0,0
622,102,0,0
623,102,0,0
624,100,0,0
625,101,0,0
626,101,0,0
627,101,0,0
628,101,0,0
629,102,0,0
630,101,0,0
631,102,0,0
632,102,0,0
633,101,0,0
634,101,0,0
635,101,0,0
636,101,0,0
637,102,0,0
638,101,0,0
639,103,0,0
